[ 5.35134582 -3.10498117  5.56132985  1.76594105  2.32563885]
[ 9.68569531 -4.51937724  6.07678225  1.74796626  2.38887397]
[ 4.82741346 -3.52728167  4.9664938   1.70024281  2.19409963]
[ 2.11249126 -1.34817648  2.65084175  1.36188708  1.58421797]
[20.21197263 -5.14918245  9.41546012  1.84536409  2.86515762]
[ 7.82811695 -4.11308043  5.35078648  1.71247516  2.25170721]
[ 6.54210117 -3.11925189  5.52270276  1.69169979  2.27542321]
[11.6861643  -3.96360064  6.50862481  1.69257966  2.42565184]
[ 4.20822068 -3.09648871  4.66219727  1.68685854  2.12695603]
[12.3529873  -4.66195624  7.00877624  1.71025543  2.51087618]
[ 7.9710076  -3.65154395  6.3184583   1.76818465  2.43152238]
[ 9.49517445 -4.85670651  6.85543094  1.78364999  2.52429389]
[ 8.35204931 -4.16091308  6.27047124  1.77031588  2.42869891]
[ 8.35204931 -3.91405356  6.67988854  1.76018853  2.48938998]
[10.06673702 -4.16948275  5.79897789  1.72715203  2.33191884]
[ 7.16129396 -3.86732783  6.12422407  1.72928406  2.39375292]
[ 7.6375961  -4.01733144  6.30725803  1.77121404  2.43326873]
[11.6861643  -3.96360064  6.50862481  1.69257966  2.42565184]
[12.40061751 -4.13875935  6.84418509  1.74717397  2.50062984]
[11.63853409 -4.41949924  7.05863849  1.75088038  2.53185805]
[10.20962766 -3.58066488  5.11209702  1.64363302  2.1768137 ]
[ 9.54280466 -4.64880983  7.12306009  1.81310091  2.57262552]
[ 5.82764796 -4.14038912  5.15207479  1.70724454  2.22965771]
[ 2.96983511 -2.37158036  4.05213704  1.6164399   1.98300805]
[ 7.11366374 -3.31928549  5.42345173  1.69162557  2.25896164]
[13.82952394 -4.29213022  7.34498616  1.75753091  2.57506239]
[12.63876858 -4.82082013  7.16021207  1.73062546  2.53698103]
[ 4.58926239 -3.5232808   4.37081608  1.67592912  2.06950388]
[ 1.63618911 -0.99906209  2.21174664  1.26658042  1.43592752]
[ 5.39897603 -3.1720895   5.52535031  1.75995552  2.31602774]
[ 5.6371271  -3.73608783  4.95711913  1.7148277   2.19447203]
[ 9.35228381 -3.74794922  7.04760642  1.80375121  2.55737048]
[ 6.01816882 -3.78542446  5.08023147  1.6745056   2.20207895]
[ 2.96983511 -3.69027439  3.54424868  1.59974039  1.87357905]
[ 5.54186668 -4.21590179  4.72733268  1.67115344  2.13793986]
[12.6863988  -4.66765724  7.20099092  1.73998401  2.54804383]
[ 6.39921053 -4.52365584  5.53685815  1.7074491   2.28261579]
[ 7.16129396 -3.51045449  5.01774179  1.69074928  2.1919163 ]
[ 6.78025224 -4.24839512  5.91048938  1.77726702  2.3791946 ]
[10.3525183  -3.6994367   6.27228889  1.74199917  2.41790844]
[18.02098278 -5.71670759  8.53571119  1.8120556   2.74046404]
[ 6.82788246 -3.21305009  5.13995573  1.71172873  2.2191191 ]
[16.35392529 -4.86185354  8.32963715  1.82372693  2.7248993 ]
[ 5.06556453 -3.73679801  5.0622876   1.70351925  2.20563294]
[ 2.5887934  -1.58776478  3.59416853  1.33000689  1.81922454]
[ 7.35181481 -3.89292592  5.80469966  1.73718164  2.33772523]
[11.16223195 -4.56811052  6.50162107  1.79606884  2.47329129]
[15.44895122 -5.27824167  8.20837784  1.77567555  2.69435654]
[10.82882045 -4.34205237  7.06605511  1.77178243  2.55379602]
[ 4.87504368 -3.12280092  5.38809814  1.72001963  2.27383498]
[ 9.73332552 -4.34327845  6.64970622  1.78052137  2.49021616]
[ 6.68499181 -4.40738035  5.97221903  1.75168488  2.37907176]
[ 8.35204931 -4.16091308  6.27047124  1.77031588  2.42869891]
[ 6.92314289 -3.0179334   5.28811959  1.70245196  2.24591416]
[ 8.49493995 -4.0358031   6.44770521  1.74804248  2.44686016]
[ 2.11249126 -1.34817648  2.65084175  1.36188708  1.58421797]
[ 8.78072124 -3.65532651  5.65970501  1.70296749  2.29852385]
[ 7.82811695 -4.7714203   5.88686153  1.71712428  2.34902991]
[ 2.96983511 -3.69027439  3.54424868  1.59974039  1.87357905]
[ 2.96983511 -2.37158036  4.05213704  1.6164399   1.98300805]
[13.06744051 -4.14245796  6.59077885  1.7364627   2.46148253]
[ 9.44754424 -4.40402107  6.48151486  1.7678856   2.45385518]
[10.25725788 -3.90474914  6.53943494  1.77172829  2.46232361]
[ 8.87598167 -3.87310131  6.10079998  1.6482974   2.36844027]
[22.21244163 -4.9831609   9.49385555  1.84130894  2.87010124]
[ 7.3041846  -4.35031014  5.8132668   1.7265848   2.33734469]
[ 5.87527817 -2.72793629  5.37168534  1.730253    2.271885  ]
[ 7.73285653 -4.14205331  6.51146356  1.77727609  2.47398725]
[11.44801323 -4.58729536  6.73297269  1.73875792  2.48225849]
[ 7.82811695 -4.11308043  5.35078648  1.71247516  2.25170721]
[ 4.35111132 -3.36357674  5.40199908  1.7490551   2.28719635]
[ 8.6378306  -4.84528347  6.11596843  1.71927013  2.38029991]
[ 2.82694447 -2.68407336  2.77824918  1.47012002  1.63823632]
[ 7.06603353 -3.77196425  5.51181362  1.70363124  2.28056999]
[ 8.3044191  -3.7555046   6.54334885  1.79912692  2.48431734]
[ 5.68475732 -3.22471869  5.77776989  1.73377348  2.33464283]
[ 2.77931425 -3.82009377  3.59786944  1.55670314  1.86974034]
[ 9.78095573 -4.79522787  6.85798816  1.77281884  2.5119686 ]
[24.73684298 -5.2090526   9.00536511  1.78610304  2.7863122 ]
[ 5.06556453 -3.01022822  4.60857852  1.5539292   2.08435948]
[11.0193413  -4.11881407  6.3378031   1.72281218  2.41008452]
[ 1.77907976 -1.66923703  2.74555127  1.38901572  1.61555579]
[13.06744051 -4.4331384   7.85268113  1.81850408  2.66618926]
[24.73684298 -5.2090526   9.00536511  1.78610304  2.7863122 ]
[ 6.49447096 -3.61180044  5.05800997  1.66569026  2.19019246]
[ 4.58926239 -2.91787875  5.09821741  1.71755032  2.22316722]
[ 4.35111132 -2.53267171  4.41953006  1.57367672  2.053924  ]
[-0.17375902  0.07321781 -0.86611675 -1.11687917 -0.80361977]
[ 3.01746533 -2.28579797  3.58516584  1.55836527  1.86848826]
[ 3.44613725 -3.78452482  3.96320181  1.63151946  1.97120823]
[15.401321   -4.31504574  7.7223516   1.74993312  2.62278454]
[ 4.63689261 -3.61462334  4.81792951  1.64714285  2.1411779 ]
[ 6.92314289 -4.1836042   5.08660302  1.69962495  2.20847429]
[ 6.39921053 -4.52365584  5.53685815  1.7074491   2.28261579]
[11.3527528  -3.92227545  6.73517033  1.7524675   2.49078196]
[14.30582608 -4.99806883  7.91339876  1.79365612  2.66289639]
[ 9.54280466 -3.12618645  6.16603999  1.65881687  2.38001539]
[ 1.63618911 -0.99906209  2.21174664  1.26658042  1.43592752]
[ 2.49353297 -2.09157369  3.70817003  1.5714741   1.90299891]
[12.3529873  -4.66195624  7.00877624  1.71025543  2.51087618]
[15.02027929 -4.82883446  8.49796818  1.8290488   2.75190065]
[12.0195758  -4.08562479  7.56204131  1.81952257  2.63058858]
[ 8.82835145 -3.76677932  6.92765003  1.80126449  2.53968435]
[ 1.82670997 -1.2218735   2.90433267  1.28237081  1.63904739]
[ 5.78001775 -3.63404448  4.54886226  1.61463649  2.07518168]
[ 8.35204931 -3.91405356  6.39498909  1.7641253   2.44507775]
[ 5.87527817 -3.01693903  5.07218465  1.70530943  2.20959597]
[ 4.68452282 -3.53628777  4.77884258  1.69746767  2.15437478]
[15.30606058 -4.35298303  8.57025941  1.83473917  2.76409578]
[ 8.6378306  -4.84528347  6.11596843  1.71927013  2.38029991]
[17.30652957 -4.65095569  8.14585596  1.76104855  2.67684918]
[10.3525183  -5.15113728  6.61318093  1.75399808  2.46750136]
[ 8.06626803 -4.13034754  5.60737891  1.64686628  2.26895733]
[ 6.39921053 -4.52365584  5.53685815  1.7074491   2.28261579]
[15.7347325  -4.76911626  8.16119727  1.75896569  2.67510803]
[ 7.73285653 -3.757257    6.1041287   1.74025369  2.39037275]
[ 5.73238753 -3.31130352  4.75145641  1.65786122  2.13640492]
[ 5.11319475 -3.23215876  5.28934364  1.73364972  2.26366514]
[ 6.82788246 -3.41262591  5.94094386  1.77673896  2.38663629]
[ 4.87504368 -4.17231318  4.4194779   1.63030789  2.05729563]
[10.44777873 -3.743905    6.58780843  1.74081138  2.4648156 ]
[11.92431537 -3.22305003  7.01006234  1.79590768  2.54813037]
[ 7.11366374 -3.662467    6.7762198   1.80147446  2.5225235 ]
[ 6.39921053 -4.52365584  5.53685815  1.7074491   2.28261579]
[ 5.44660625 -3.20917612  4.99380441  1.6893578   2.18810429]
[ 4.16059046 -4.06416407  3.85939542  1.61350833  1.93977416]
[15.35369079 -5.08443545  8.22316099  1.81996971  2.71087163]
[-0.36427988  1.14549771 -0.73792448 -0.14148387 -0.33902749]
[13.21033115 -5.13669617  7.84664737  1.80874364  2.66252155]
[10.54303916 -4.38678305  5.9129039   1.72296172  2.34488012]
[ 9.20939316 -3.4295632   6.40656705  1.73651746  2.43407994]
[11.20986216 -5.63487019  7.64873235  1.8181234   2.64169487]
[ 8.01863781 -3.1906812   6.03359967  1.74402853  2.37956161]
[16.54444614 -4.69849386  8.98634031  1.83903996  2.81250604]
[ 5.3037156  -3.37672622  4.97677323  1.69104385  2.19091847]
[ 2.11249126 -1.53520204  3.63145853  1.56529887  1.88260068]
[15.02027929 -4.82883446  8.49796818  1.8290488   2.75190065]
[ 4.06533004 -2.78831021  4.15327504  1.52923561  1.98311528]
[ 7.06603353 -3.93372287  6.25569225  1.76408944  2.43105323]
[ 2.63642361 -2.45958126  2.90074167  1.26127248  1.62949586]
[10.63829959 -3.49608427  7.30903113  1.7603881   2.57301713]
[ 3.2556164  -3.31073045  4.48146352  1.61821018  2.07120273]
[ 4.54163218 -4.16968283  5.18228383  1.70254699  2.23318053]
[ 7.54233567 -3.14362189  4.88079611  1.62248845  2.13927171]
[12.92454987 -5.01738822  7.8472331   1.81047132  2.66177176]
[13.16270094 -5.22982632  8.00967332  1.81817781  2.68364592]
[18.25913385 -4.87228115  7.92028636  1.76884698  2.64832109]
[54.83913832 -7.29208269 12.79958166  1.86581226  3.19564809]
[ 5.73238753 -3.09799296  5.56405827  1.75004569  2.31041414]
[18.735436   -5.72785356  9.09567439  1.8287246   2.8158329 ]
[ 7.54233567 -3.24909205  5.81108041  1.71276584  2.33094856]
[ 4.73215303 -2.36919752  4.64313798  1.60610908  2.09706583]
[ 1.20751719 -1.31547255  2.24823542  1.29920006  1.47051797]
[ 8.3044191  -4.20218977  6.85011485  1.78988169  2.52156608]
[16.54444614 -4.69849386  8.98634031  1.83903996  2.81250604]
[ 6.78025224 -4.21590179  5.7816246   1.71278824  2.33355656]
[ 5.73238753 -3.09799296  5.56405827  1.75004569  2.31041414]
[ 6.6373616  -3.60370046  4.66216739  1.59757489  2.0798171 ]
[ 6.3039501  -4.16316671  6.19022728  1.77475266  2.42053593]
[17.44942021 -5.18401089  8.34859089  1.80832429  2.72227688]
[ 7.73285653 -4.23043133  5.97102367  1.73229861  2.36652482]
[ 2.54116318 -2.81923469  3.54062695  1.61582815  1.88807966]
[ 4.77978325 -3.0363939   4.38259318  1.64908277  2.0580222 ]
[ 5.44660625 -3.20917612  4.99380441  1.6893578   2.18810429]
[14.92501886 -4.60892278  8.03990056  1.8142526   2.68607515]
[ 9.30465359 -4.06344493  6.85972746  1.74756934  2.50691944]
[ 1.5885589  -1.03014267  2.22248067  1.05042441  1.37031915]
[ 6.20868967 -3.33260609  5.29468731  1.63204298  2.21186634]
[ 3.77954875 -2.72285383  3.94971619  1.59499448  1.95441333]
[ 8.44730974 -3.9172562   6.45295392  1.77453768  2.45439619]
[ 9.20939316 -3.74084108  6.69855328  1.76954048  2.48898176]
[ 6.82788246 -2.77244808  4.90553531  1.623502    2.1485009 ]
[-0.36427988  0.43064445 -0.80955105 -0.91759926 -0.61439354]
[20.64064456 -4.49514135  7.66459542  1.81241585  2.63258   ]
[ 2.39827254 -1.45054836  3.50626971  0.90112737  1.75622641]
[ 5.92290839 -3.02697219  5.94180312  1.74448246  2.37505387]
[ 6.92314289 -3.20467697  5.81150592  1.60006788  2.30954389]
[ 6.68499181 -3.4607751   5.86886493  1.74205524  2.35424217]
[ 2.16012147 -2.79968305  3.68171599  1.46579635  1.87150313]
[ 8.35204931 -3.43662861  6.28907905  1.77198886  2.43078983]
[ 2.87457468 -2.81368961  3.65150058  1.56377315  1.88932573]
[ 9.16176295 -3.92538261  6.26459249  1.78354028  2.4331636 ]
[ 5.3037156  -3.34964947  5.14015611  1.67962911  2.20880841]
[ 5.35134582 -3.46302441  4.73997838  1.66472536  2.13198943]
[ 5.68475732 -5.11737605  6.05185072  1.77340935  2.40019754]
[ 9.01887231 -3.7310207   6.13292578  1.71114408  2.37517451]
[ 6.06579903 -4.02974209  5.21410448  1.67216455  2.22322287]
[ 6.25631989 -3.73890895  5.81857365  1.73350607  2.34041581]
[ 6.20868967 -3.33260609  5.29468731  1.63204298  2.21186634]
[11.97194559 -4.50394925  7.48649581  1.80233736  2.61469559]
[ 9.54280466 -4.23994394  6.89759659  1.78650664  2.52366965]
[ 4.35111132 -3.16631565  4.65923943  1.69119331  2.1310767 ]
[20.06908199 -5.61549983  9.55223781  1.84924394  2.88245104]
[ 5.16082496 -3.62019074  5.77597754  1.72015582  2.34224206]
[ 4.63689261 -2.64244759  4.25935623  1.60080944  2.02157767]
[10.40014852 -4.58995292  6.97358357  1.77120279  2.53471671]
[12.25772687 -4.44580743  7.93204737  1.82717183  2.68359558]
[ 5.35134582 -2.98622301  5.87989195  1.79177307  2.38863637]
[ 7.16129396 -4.12072902  5.95364412  1.71867914  2.3639698 ]
[-0.45954031  1.14549771 -0.71645564 -0.10213994 -0.28304207]
[ 3.5890279  -2.6432246   3.91927793  1.56491375  1.93365721]
[ 5.06556453 -3.19349537  4.41312204  1.68863081  2.08523806]
[18.4020245  -4.6561517   8.62749327  1.82175436  2.75633418]
[18.735436   -5.72785356  9.09567439  1.8287246   2.8158329 ]
[14.02004479 -4.05872721  7.7103888   1.77425426  2.62987124]
[ 4.20822068 -3.79539987  5.06007041  1.75189923  2.23482829]
[ 6.9707731  -3.0266459   5.50418956  1.56197929  2.24434403]
[ 9.16176295 -3.52273932  6.67576786  1.71406155  2.46813635]
[ 8.54257017 -3.68855102  6.04931644  1.72844952  2.37769704]
[ 7.73285653 -3.95623287  5.97060479  1.74060217  2.37179529]
[18.735436   -5.72785356  9.09567439  1.8287246   2.8158329 ]
[15.25843036 -4.90571243  8.08184152  1.81824267  2.69433681]
[14.21056565 -4.45596446  8.13127739  1.83042252  2.70901381]
[11.3527528  -4.39527947  7.48953491  1.82503479  2.62802143]
[19.73567049 -4.62482209  8.49576123  1.78310517  2.7279266 ]
[10.73356002 -4.4643064   7.00283106  1.79299601  2.54199028]
[ 5.6371271  -2.93485943  4.56632906  1.61899599  2.07516722]
[ 4.25585089 -3.88241761  4.90936019  1.61359425  2.16059998]
[ 5.01793432 -3.41533083  4.87715249  1.6876879   2.16885547]
[54.83913832 -7.29208269 12.79958166  1.86581226  3.19564809]
[ 4.58926239 -3.5232808   4.37081608  1.67592912  2.06950388]
[ 9.78095573 -4.49572431  6.34814707  1.74016225  2.42345452]
[ 8.82835145 -3.94374953  6.44188611  1.77049777  2.4535518 ]
[13.82952394 -4.80481443  7.78757583  1.80569636  2.6473721 ]
[11.0193413  -4.11881407  6.3378031   1.72281218  2.41008452]
[18.4020245  -4.6561517   8.62749327  1.82175436  2.75633418]
[ 5.73238753 -3.09799296  5.56405827  1.75004569  2.31041414]
[-0.36427988  0.43064445 -0.54227837 -0.07766528 -0.14493025]
[16.54444614 -4.69849386  8.98634031  1.83903996  2.81250604]
[ 9.59043488 -4.15511495  6.81294482  1.74868332  2.50158973]
[11.59090387 -4.8571323   7.21720006  1.76754939  2.56090359]
[ 9.20939316 -3.74084108  6.69855328  1.76954048  2.48898176]
[ 4.35111132 -2.53267171  4.41953006  1.57367672  2.053924  ]
[ 4.73215303 -2.36919752  4.64313798  1.60610908  2.09706583]
[10.6859298  -4.25913888  6.72453812  1.79741178  2.50586307]
[ 7.73285653 -3.56207258  5.82561656  1.70943525  2.33534355]
[ 2.63642361 -2.80963307  3.92480159  1.50534488  1.93439465]
[ 5.58949689 -2.74028725  5.57585826  1.75414973  2.31533316]
[ 4.44637175 -2.68835221  4.62825571  1.65646234  2.11704007]
[13.16270094 -5.22982632  8.00967332  1.81817781  2.68364592]
[ 6.73262203 -3.22160588  5.57471239  1.74879752  2.31080363]
[ 8.11389824 -3.93681524  6.46913532  1.76776672  2.46002812]
[ 5.3037156  -3.63508351  4.85219467  1.6563236   2.15104139]
[10.49540895 -4.37706611  7.38073612  1.80477415  2.60174825]
[17.30652957 -4.65095569  8.14585596  1.76104855  2.67684918]
[21.30746756 -5.51511007  8.97034046  1.8038163   2.79605497]
[11.25749237 -4.60161399  7.30429149  1.81067438  2.59384383]
[ 9.87621616 -4.12058802  6.32413055  1.72665044  2.41663282]
[15.49658143 -4.71349573  7.38350782  1.74504166  2.56779016]
[ 6.73262203 -3.10390782  5.32503292  1.66877045  2.23871158]
[ 8.92361188 -4.94700172  6.23435607  1.74061307  2.40895285]
[ 9.49517445 -4.32289203  6.83993528  1.80600556  2.52795013]
[ 8.87598167 -4.31706027  6.47514979  1.76424315  2.45808372]
[14.68686779 -5.10946838  8.26990798  1.79560293  2.71257407]
[ 6.20868967 -3.33260609  5.29468731  1.63204298  2.21186634]
[-0.22138924  1.14549771  0.35843433  0.37972362  0.57444728]
[ 7.82811695 -4.06779683  6.08616112  1.76119826  2.39211926]
[ 6.16105946 -3.20272393  4.86709472  1.69276548  2.16533341]
[ 8.49493995 -3.55325691  5.82437592  1.7190156   2.33432915]
[12.92454987 -4.46039558  6.69477985  1.78333349  2.48670467]
[ 2.5887934  -2.8423201   2.68274415  1.26893662  1.56842139]
[ 4.39874154 -2.47032986  4.77987416  1.73244146  2.17341372]
[-0.55480074  0.1706978  -0.21944512  0.20924684  0.19672798]
[11.25749237 -3.90828051  6.97591505  1.79280381  2.53853451]
[20.06908199 -5.99494838  9.73550696  1.84178027  2.89782664]
[ 1.63618911 -2.25441417  2.94571373  1.45592079  1.69915528]
[ 9.39991402 -3.55603724  6.30111285  1.7272334   2.41285599]
[-0.26901945  1.14549771 -0.36243998 -0.86345717 -0.23552714]
[ 7.9710076  -3.43606186  6.00037298  1.68892824  2.35311635]
[10.54303916 -4.84837179  7.51419263  1.80223961  2.61447222]
[ 3.92243939 -2.14282732  3.60273803  1.39194996  1.81479741]
[ 7.01840331 -3.17393369  5.57163918  1.66441453  2.27798044]
[ 5.44660625 -3.81326705  3.94358827  1.60255186  1.95137845]
[ 6.16105946 -4.18015913  5.60392843  1.72491853  2.3140245 ]
[10.54303916 -3.97377407  6.89852239  1.78076206  2.52024592]
[ 9.59043488 -3.97733835  6.62768577  1.78257173  2.48627931]
[ 3.87480918 -2.26307416  3.93292486  1.57884867  1.94793945]
[ 4.82741346 -3.17485334  4.42341331  1.50041809  2.02596014]
[ 4.97030411 -3.99435636  4.54821215  1.64804788  2.09417254]
[22.54585313 -4.23747684  9.25036518  1.84298128  2.84542151]
[ 5.20845518 -2.75843397  4.50507717  1.64526152  2.09113955]
[ 5.49423646 -3.81642497  5.25100919  1.67827273  2.22911649]
[ 8.82835145 -3.79704246  5.99162027  1.76632256  2.3822131 ]
[ 7.87574717 -3.69705668  6.49394892  1.7742981   2.46059502]
[-0.55480074  0.1706978  -0.21944512  0.20924684  0.19672798]
[15.87762315 -4.40529906  7.42739539  1.74496192  2.5749515 ]
[ 5.20845518 -4.04703882  4.97778169  1.68535766  2.1860353 ]
[ 8.3044191  -4.32312978  6.16362104  1.72709735  2.39532583]
[ 6.39921053 -3.40476755  5.46680713  1.66542538  2.25948126]
[13.11507073 -4.45725097  7.49834393  1.75362391  2.59222277]
[11.73379452 -4.51795247  7.45756339  1.80565018  2.60496814]
[15.02027929 -4.96225243  7.87808995  1.81893743  2.66779207]
[ 0.73121505 -0.76077767  0.91317873  0.43026096  0.80705159]
[-0.41191009  1.14549771 -0.57767296 -0.10800947 -0.19714232]
[10.11436723 -4.21590179  6.34703549  1.72224947  2.41545168]
[19.11647771 -4.57096136  8.71544414  1.83952225  2.78088379]
[ 8.25678888 -3.72031024  5.49687698  1.66929761  2.25823258]
[ 0.15965248 -1.69289026  0.52462808  0.26053326  0.58785244]
[ 4.35111132 -2.49147505  3.93271947  1.57550959  1.94020402]
[10.01910681 -4.25034333  6.5248246   1.75057785  2.44982787]
[ 0.20728269 -0.28420882  1.52223039  1.18878009  1.2234169 ]
[ 6.16105946 -3.95527821  5.17768436  1.5411878   2.18423125]
[ 5.68475732 -3.87196296  5.59095388  1.75514101  2.31851942]
[ 7.3041846  -3.28035557  5.31971915  1.75862234  2.27740389]
[-0.26901945 -0.0459244  -1.19220993 -1.11706889 -1.14337336]
[ 5.20845518 -3.24988386  4.97534591  1.6740957   2.17646241]
[ 2.16012147 -1.68249323  2.59705717  1.22855932  1.53492173]
[ 5.6371271  -3.75872819  5.07581235  1.71617852  2.2125948 ]
[ 7.16129396 -4.39662312  5.95341437  1.75074822  2.36762355]
[11.25749237 -3.90828051  6.97591505  1.79280381  2.53853451]
[11.06697152 -5.49395655  7.52702823  1.78867083  2.61541927]
[11.30512259 -5.18993172  6.74380512  1.76760251  2.48879138]
[18.02098278 -5.04334823  7.76115508  1.79465154  2.63377754]
[-0.26901945  1.14549771 -0.44835349 -0.9562646  -0.35208625]
[ 5.20845518 -3.77281092  4.9264899   1.63216692  2.15781147]
[ 9.92384638 -4.46061297  6.02118058  1.68063638  2.34393411]
[ 3.11272575 -3.55869798  3.60560256  1.58001897  1.8790073 ]
[ 6.11342925 -2.76196294  5.34983467  1.74420511  2.27402326]
[10.63829959 -3.99962453  6.51682474  1.80089063  2.48060329]
[11.06697152 -5.49395655  7.52702823  1.78867083  2.61541927]
[26.68968176 -5.31745896  9.68930783  1.84586717  2.89158342]
[ 8.25678888 -3.72031024  5.49687698  1.66929761  2.25823258]
[10.54303916 -4.84837179  7.51419263  1.80223961  2.61447222]
[ 6.06579903 -3.52541852  5.1916282   1.64776507  2.20581434]
[ 1.63618911 -2.51286901  2.16780293  1.20575762  1.41678184]
[ 4.49400196 -3.71010939  4.99897397  1.70932209  2.19999523]
[10.54303916 -4.84837179  7.51419263  1.80223961  2.61447222]
[ 3.11272575 -3.55869798  3.60560256  1.58001897  1.8790073 ]
[11.06697152 -4.27848622  6.70475867  1.78301173  2.49456714]
[ 6.39921053 -3.82899667  5.7818195   1.75830403  2.34777221]
[ 3.20798618 -2.71162423  4.03048299  1.55414558  1.96871133]
[ 5.11319475 -3.74084108  4.88133737  1.62458748  2.14606595]
[ 6.9707731  -4.05144168  5.23630723  1.67868736  2.22151509]
[20.59301435 -5.8780986   9.46442512  1.83933603  2.86495842]
[12.87691965 -4.6773681   7.95528155  1.82933534  2.68603644]
[15.87762315 -5.55766703  7.16472833  1.77228403  2.54583234]
[ 5.82764796 -3.63852031  4.70055016  1.48597099  2.07942964]
[ 6.06579903 -3.52541852  5.1916282   1.64776507  2.20581434]
[0.2549129  0.40599433 0.86546596 1.00313342 0.91863535]
[ 7.49470546 -3.68962945  5.5993032   1.70396089  2.29038427]
[ 5.11319475 -3.17340744  4.31550316  1.633871    2.03865338]
[ 6.78025224 -4.19950607  5.40109036  1.73678434  2.27314203]
[ 1.39803804 -5.09481974  2.31919233  1.25476467  1.47141898]
[ 5.9705386  -3.60665185  5.04173682  1.58485884  2.16713769]
[10.73356002 -3.70472623  6.74414774  1.76534801  2.49032912]
[10.73356002 -5.35989468  7.33945662  1.81064761  2.60059474]
[16.35392529 -4.69722444  7.26999069  1.74606263  2.55007399]
[ 6.87551267 -2.86037814  5.68490218  1.70503797  2.30956237]
[ 6.11342925 -2.76196294  5.34983467  1.74420511  2.27402326]
[10.92408087 -4.9046927   6.64524716  1.7187767   2.45607839]
[ 7.20892417 -3.8694729   5.07457782  1.65382326  2.18023006]
[ 8.25678888 -3.75293972  6.35911259  1.76439544  2.43127391]
[ 8.01863781 -2.94104132  5.60536212  1.67438599  2.29050329]
[11.73379452 -4.51795247  7.45756339  1.80565018  2.60496814]
[ 9.44754424 -4.89671443  7.02424476  1.81046504  2.55838914]
[ 4.44637175 -3.22100291  4.90439197  1.71982144  2.18835514]
[ 4.35111132 -2.91973927  5.42181744  1.76322961  2.29935756]
[10.92408087 -4.9046927   6.64524716  1.7187767   2.45607839]
[0.2549129  0.40599433 0.86546596 1.00313342 0.91863535]
[ 4.63689261 -3.13279078  5.15656431  1.73009444  2.2367463 ]
[ 7.44707524 -3.45980699  6.65397736  1.80683761  2.50805585]
[ 6.58973139 -4.68941571  5.49597161  1.68977985  2.26794404]
[ 8.16152845 -4.71931959  5.73320876  1.7299597   2.32141182]
[ 2.68405383 -1.90410568  3.40741218  1.5161705   1.81335357]
[ 7.87574717 -4.28663266  5.39957525  1.71464519  2.26302616]
[ 4.20822068 -2.01635328  4.30599049  1.51338624  2.00945829]
[ 6.44684074 -4.21590179  5.69825383  1.74486     2.32840127]
[ 5.73238753 -3.23297855  4.8789382   1.68556623  2.17150726]
[-0.36427988  0.43064445 -0.47042115 -0.06261227 -0.09213716]
[ 1.82670997 -2.0082667   2.79695332  1.22199808  1.57983102]
[15.87762315 -4.40529906  7.42739539  1.74496192  2.5749515 ]
[12.92454987 -4.46039558  6.69477985  1.78333349  2.48670467]
[11.06697152 -4.27848622  6.70475867  1.78301173  2.49456714]
[ 7.25655438 -3.12136002  6.3849625   1.78461175  2.45689594]
[-0.22138924  1.14549771 -0.17854624 -0.03214602  0.09656757]
[18.11624321 -5.57119981  8.27224073  1.77583146  2.69721495]
[-0.31664967  1.14549771 -0.34657159  0.01507464  0.02589652]
[ 8.39967952 -3.22067194  6.02378878  1.72872193  2.37509847]
[ 6.35158032 -3.86584478  5.46576953  1.65097788  2.25180137]
[11.92431537 -3.93590607  6.72630881  1.73283331  2.47501082]
[ 4.16059046 -3.1199251   3.29539     1.2415679   1.7052252 ]
[-0.41191009  1.14549771 -0.57767296 -0.10800947 -0.19714232]
[ 4.39874154 -3.10958126  4.44196253  1.61815652  2.0590309 ]
[ 5.20845518 -3.77281092  4.9264899   1.63216692  2.15781147]
