[-0.55480074  1.14549771 -1.02239826  0.70989572 -0.48657236]
[-5.07170522e-01 -5.04163673e-01  1.49044630e-03  2.40416568e+00  6.38881669e-01]
[-0.41191009  1.14549771 -0.57415475  0.85489601 -0.0837937 ]
[-0.74532159  1.14549771 -0.95755873  0.97475258 -0.29037719]
[-0.60243095  1.14549771 -0.04606672  2.26401004  0.59554098]
[-0.12612881  0.60935776  1.12022893  2.69358489  1.17991282]
[-0.55480074  1.14549771 -0.16908128  2.18712549  0.49317162]
[-0.55480074  1.14549771 -0.66902194  0.84167012 -0.14734277]
[-0.93584245  1.14549771 -1.58441389  0.64328183 -1.01097192]
[-0.55480074  1.14549771 -0.81770338  0.86865481 -0.22642585]
[-0.60243095  1.14549771 -0.21770373  2.18063367  0.47552989]
[-0.79295181  1.14549771 -1.30826824  0.67375466 -0.7360373 ]
[-0.31664967  0.47532277  0.73992496  2.6124855   1.0210424 ]
[-0.22138924  0.01678203  0.13539668  2.21120339  0.63838839]
[-0.31664967  1.14549771 -0.11015326  2.15122666  0.49067687]
[-0.79295181  1.14549771 -1.2486829   0.71793784 -0.64640335]
[-0.55480074  1.14549771 -0.56927586  0.77113206 -0.12168759]
[-0.60243095  1.14549771 -1.32313997  0.65631393 -0.78160753]
[-0.41191009  1.14549771  0.242957    2.26347713  0.71903782]
[-0.36427988  1.14549771 -0.83524697  0.71963346 -0.35820309]
[-0.36427988  1.14549771 -0.63088296 -0.22749503 -0.30170137]
[-0.69769138  1.14549771 -0.5997566   2.07066018  0.22034054]
[-0.55480074  1.14549771 -0.34624951  1.06326428  0.15245306]
[-0.74532159  1.14549771 -1.13437292  0.6930848  -0.57854714]
[-0.69769138  1.14549771 -0.20394181  2.39176338  0.54846535]
[-0.50717052  1.14549771 -0.0842727   2.17423873  0.52767301]
[-0.45954031  1.14549771  0.22124894  2.50570948  0.7760704 ]
[-0.65006116  1.14549771 -1.66665505 -1.81678149 -2.336481  ]
[-0.41191009  1.14549771  0.01704372  1.07416473  0.38536031]
[-0.65006116  1.14549771 -0.68353213  2.0614069   0.16600137]
[-0.45954031  1.14549771  0.48221253  2.53918599  0.90223033]
[-0.26901945  0.51474483  0.05196149  2.39786764  0.64770076]
[-0.65006116  1.14549771 -0.90469891  0.73266556 -0.36719012]
[-0.69769138  1.14549771 -1.37832423 -1.61752115 -1.6468741 ]
[-0.41191009 -0.8650271   0.11852646  2.18513919  0.62274066]
[ 0.01676183 -0.84020581  0.66371703  2.36628054  0.92274092]
[-0.69769138  1.14549771 -1.53870143 -1.80026124 -2.06769662]
[-0.17375902 -0.38633072 -0.09961882  0.86545734  0.19336472]
[-0.55480074  1.14549771 -0.60814284  0.85126252 -0.10122606]
[-0.55480074  1.14549771  0.42528416  2.38158963  0.84345863]
[-0.55480074  1.14549771 -0.67838653  0.84506137 -0.14768363]
[-0.17375902  0.07321781  0.26471579  2.46438464  0.76642718]
[-0.31664967  0.47532277 -1.27325673 -1.60138848 -1.56016359]
[-0.69769138  1.14549771 -0.6578938   1.06471767 -0.02823981]
[-0.69769138  1.14549771 -0.00674426  2.42533679  0.65753146]
[-0.50717052  1.14549771  0.27978085  2.34937272  0.7738516 ]
[-0.41191009  1.14549771  0.43669926  2.3647787   0.83340296]
[-0.65006116  1.14549771 -0.96909228 -0.46061944 -0.6692263 ]
[-0.55480074  0.1706978  -0.69175177  0.86192075 -0.1481623 ]
[-0.31664967  1.14549771  0.07241716  2.25616171  0.63682888]
[-0.36427988 -0.19485216  0.71219867  2.64441173  1.0236195 ]
[-0.84058202  1.14549771 -2.3168329  -2.04152466 -5.57178366]
[-0.65006116  1.14549771 -0.76015242  0.84336575 -0.20133636]
[-0.50717052  1.14549771 -0.05842357  2.3956391   0.60683633]
[-0.55480074  1.14549771 -1.08082881  0.68344395 -0.55572097]
[-0.65006116  1.14549771 -0.50795528  2.08441898  0.27804395]
[-0.36427988  0.43064445  0.88338247  2.48710604  1.05515445]
[-0.79295181  1.14549771 -0.96433044  0.8365348  -0.33278915]
[-0.69769138  1.14549771 -0.7047155   2.06092244  0.15577655]
[-0.69769138  1.14549771 -0.8635207   0.84229993 -0.26312198]
[-0.36427988  0.43064445 -0.07734799  2.15728247  0.51984264]
[-0.50717052  1.14549771 -0.71471453  0.74511631 -0.24574063]
[-0.17375902  0.58113987  0.49036645  2.34525477  0.84492636]
[-0.45954031 -0.38633072 -0.92675591  0.71275406 -0.42447469]
[-0.60243095  1.14549771 -0.80564139  0.78188718 -0.26678705]
[-0.45954031  1.14549771  0.27677325  2.2172592   0.71253745]
[-0.26901945 -0.0459244   0.62996539  2.49766737  0.93518874]
[-0.69769138  1.14549771 -0.52973757  2.07119309  0.25468844]
[-0.69769138  1.14549771 -0.45347628  2.17167107  0.35497578]
[-0.79295181  1.14549771 -0.77189057  2.0601473   0.12467793]
[-0.41191009  1.14549771  0.61944978  2.42092816  0.93494622]
[-0.45954031  1.14549771 -0.53639351  0.88464214 -0.0293482 ]
[-0.60243095  1.14549771  0.14590649  2.34627215  0.71308006]
[-0.69769138 -0.19485216 -0.64261874  2.06731737  0.19567031]
[-0.55480074  1.14549771 -0.4111308   1.09427002  0.13111456]
[-0.84058202  1.14549771 -1.46768464  0.64764201 -0.9058348 ]
[-0.36427988  0.43064445 -0.72453303  0.72229802 -0.27545279]
[-0.69769138  1.14549771 -0.72051902  1.11059648 -0.04617379]
[-0.36427988  1.14549771  0.21586456  2.31701048  0.72204717]
[-0.36427988  1.14549771  0.6976522   2.41099663  0.95944465]
[-0.79295181  1.14549771 -0.65494913  2.06983659  0.19528665]
[-0.74532159  1.14549771 -0.51008539  2.11673277  0.3004386 ]
[-0.36427988 -0.19485216  0.38739741  2.33948964  0.81148903]
[-0.50717052  0.25193113 -0.21725315  2.15083909  0.4549271 ]
[-0.41191009  0.3795835   0.01159963  1.25428871  0.43604666]
[0.30254312 1.14549771 2.06894581 2.97597937 1.55487949]
[-0.22138924  0.54978666  0.81479054  2.61650656  1.04447942]
[-0.60243095  1.14549771 -1.13370602  0.68121541 -0.59915753]
[-0.41191009  1.14549771 -0.06829058  1.07305046  0.33521803]
[-0.50717052  0.25193113  0.39744203  2.5548342   0.87689126]
[-0.60243095  1.14549771 -1.13144342  0.67704902 -0.599058  ]
[-0.55480074  1.14549771 -1.02641096 -1.72100281 -1.2664542 ]
[ 0.15965248 -0.64163546  1.05633389  2.59698263  1.11355761]
[-0.74532159  1.14549771 -1.03542059  0.78082136 -0.42264081]
[-0.17375902  1.14549771  0.85394574  2.39336212  1.00124212]
[-0.60243095  1.14549771 -0.61091994  1.02087362 -0.03187945]
[-0.45954031 -0.38633072 -0.30217684  0.93749724  0.13453856]
[-0.84058202  1.14549771 -1.339885    0.67293107 -0.75988813]
[-0.88821224  1.14549771 -2.22933756 -1.97336048 -4.43418957]
[-0.65006116  1.14549771 -1.68425232 -1.70365898 -2.29047231]
[-0.65006116 -0.0459244  -0.59597334  2.06940057  0.22045672]
[-0.36427988  0.43064445 -0.34281304  2.11537627  0.36679529]
[-0.41191009  1.14549771 -0.05494705  0.99393738  0.30461567]
[-0.50717052  0.25193113 -0.01311833  2.20316128  0.58083678]
[-0.55480074  1.14549771 -1.01510169  0.71294785 -0.47972218]
[-0.41191009  1.14549771 -0.13391565  1.17241417  0.31125623]
[-0.65006116  1.14549771 -1.3444349   0.65573257 -0.79784573]
[-0.50717052  1.14549771  0.2639769   2.36802461  0.76993779]
[-0.50717052  1.14549771 -0.34975684  2.12244946  0.37522441]
[-0.31664967  0.47532277  0.33015186  2.50943986  0.81717629]
[-0.55480074  0.1706978  -0.13606656  2.19303596  0.51829838]
[-0.50717052  0.25193113  0.03528066  2.25926229  0.62066906]
[-0.84058202  1.14549771 -1.40528203  0.66469517 -0.82391297]
[-0.55480074  1.14549771 -0.34620069  1.08685771  0.15725756]
[-0.60243095  0.07321781  0.11005188  2.50149464  0.73407083]
[-0.69769138  1.14549771 -1.39941966 -1.55924005 -1.61415293]
[-0.55480074  1.14549771 -0.69863625  0.77437797 -0.19905974]
[-0.74532159  1.14549771 -1.03542059  0.78082136 -0.42264081]
[ -0.98347266   1.14549771  -2.53324083  -2.05499278 -12.14570415]
[-0.84058202  1.14549771 -1.02113906  0.79404724 -0.40309694]
[-0.50717052  1.14549771 -0.07691336  2.20645564  0.54776871]
[-0.60243095 -0.80410211  0.08008805  2.45285438  0.70419626]
[-0.69769138  1.14549771 -1.00472431  0.78382504 -0.40871076]
[-0.36427988  0.43064445 -0.27569535  2.1218681   0.40297371]
[-0.65006116  1.14549771 -0.99482305  0.73106683 -0.44008138]
[-0.74532159  1.14549771 -0.70668521  2.06310253  0.16049773]
[-0.36427988  1.14549771 -0.64541956  0.74579456 -0.19707424]
[-0.45954031 -0.38633072 -0.26538696  2.17937406  0.44115444]
[-0.50717052  1.14549771 -0.79377682  0.80751536 -0.24874063]
[-0.74532159  1.14549771 -1.64518486 -0.63691615 -1.54259172]
[-0.26901945  0.51474483  0.28750839  2.23179314  0.71280572]
[-0.84058202  1.14549771 -1.22550763  0.72723956 -0.61722719]
[-0.55480074  1.14549771 -1.54042386 -1.89768709 -2.2602689 ]
[-0.69769138  1.14549771 -0.57380945  2.08214199  0.24421089]
[-0.26901945 -0.0459244   0.75183442  2.57886365  1.00866226]
[-0.69769138  1.14549771 -0.49586874  2.11658743  0.30531737]
[-0.55480074  1.14549771 -0.31136897  1.00236706  0.16787869]
[-0.60243095  1.14549771 -0.4612425   1.13278496  0.12467325]
[-0.65006116  1.14549771 -1.17792123  0.70461506 -0.60809119]
[-0.22138924  1.14549771  1.01443752  2.65749227  1.13368539]
[-0.07849859  1.14549771  0.33463334  2.25136551  0.73574516]
[-0.60243095  1.14549771 -0.41635787  0.89026193  0.04674557]
[-0.60243095  1.14549771 -1.20797141  0.71798628 -0.62340095]
[-0.31664967  1.14549771  0.28202513  2.29637228  0.73088186]
[-0.60243095  1.14549771 -0.43041141  2.12002713  0.33815801]
[-0.69769138 -0.19485216 -0.95839959  0.97286316 -0.29636806]
[-0.65006116  1.14549771 -0.37929866  2.1232246   0.36575043]
[-0.36427988  1.14549771 -0.4196351   1.12532421  0.13570681]
[-0.31664967  1.14549771  0.65065909  2.59024857  0.97784711]
[-0.36427988  1.14549771 -0.40859973  1.04151181  0.08707767]
[-0.31664967  1.14549771 -1.11586268 -1.54388252 -1.29122786]
[-0.55480074  1.14549771  0.00966705  2.25126862  0.60852003]
[-0.50717052  1.14549771 -0.86217368  0.71236649 -0.37164713]
[-0.74532159  1.14549771 -1.5127706   0.64386318 -0.95700484]
[-0.50717052  1.14549771 -0.03334333  1.23534614  0.40531059]
[-0.55480074  1.14549771 -0.44860281  0.90949518  0.04062579]
[-0.65006116  1.14549771 -0.45656591  2.08848848  0.30645893]
[-0.50717052  1.14549771 -0.13428067  2.16464633  0.50220847]
[-0.60243095  1.14549771 -0.59713217  1.05938856 -0.0053163 ]
[-0.65006116 -0.0459244  -0.54635753  2.07032105  0.2450364 ]
[-0.45954031  1.14549771 -0.33692664  0.98754244  0.14793054]
[-0.69769138  1.14549771 -1.32708355  0.65859091 -0.77426496]
[-0.74532159  1.14549771 -0.73132189  2.06121312  0.14532806]
[-0.41191009 -0.8650271  -0.03447944  2.3970925   0.61512347]
[-0.69769138  1.14549771 -1.19891454  0.6765161  -0.65118856]
[-0.36427988  1.14549771 -0.11747597  1.25317444  0.36004555]
[-0.60243095  1.14549771  0.00390954  2.26376781  0.61605182]
[-0.31664967 -0.11600805  0.00696452  1.08438694  0.33738609]
[-0.69769138 -0.19485216 -1.87860691 -1.93159962 -3.04862464]
[-0.12612881  1.14549771  0.72817797  2.58341762  0.99547351]
[-0.41191009  1.14549771  0.72038221  2.43303978  0.96963157]
[-0.26901945  0.51474483  0.25208769  2.23465148  0.70095891]
[-0.26901945  1.14549771  0.06600785  1.03787833  0.38244583]
[-0.31664967  0.47532277 -0.44107105  1.0121048   0.04091591]
[-0.74532159  1.14549771 -1.3470824   0.6538916  -0.7979853 ]
[-0.60243095  1.14549771 -0.03906362  2.40154957  0.62265326]
[-0.41191009  1.14549771  0.26362817  2.50609705  0.7911772 ]
[-0.50717052  0.25193113 -0.14789894  2.19981847  0.50993913]
[-0.69769138  1.14549771 -1.41579018  0.64725444 -0.87127004]
[-0.55480074  1.14549771 -0.73697777  0.83701926 -0.19477901]
[-0.60243095  1.14549771 -0.34405654  1.15051637  0.19529045]
[-0.55480074  1.14549771 -0.63604435  0.89031038 -0.09137092]
[-0.50717052  1.14549771 -0.12650814  2.20165943  0.52657108]
[-0.65006116  1.14549771 -0.90737623  0.72287938 -0.37969655]
[-0.31664967 -0.64163546  0.61280161  2.38439952  0.91501928]
[-0.41191009  1.14549771 -0.35412241  0.89307183  0.07887888]
[-0.55480074  1.14549771 -0.74141265  0.80824206 -0.20635034]
[-0.36427988  1.14549771 -0.44516687  0.88551418  0.01524739]
[-0.36427988  1.14549771  0.75622853  2.38977708  0.97360357]
[-0.79295181  1.14549771 -1.36327123  0.67142923 -0.78360385]
[-0.45954031 -0.99906209  0.2276677   2.4313926   0.74765567]
[-0.60243095  1.14549771 -0.34252573  2.12555003  0.38402015]
[-0.65006116  1.14549771 -0.42338093  2.10907823  0.33835511]
[-0.55480074  1.14549771  0.10094059  2.24637553  0.65263576]
[-0.36427988  0.43064445  0.48247771  2.47920926  0.87538654]
[-0.36427988  0.43064445 -0.66873017  0.76977556 -0.20363204]
[-0.60243095  1.14549771  0.0141318   2.26013432  0.62013418]
[-0.36427988  1.14549771 -0.02086028  1.03351814  0.33657403]
[-0.45954031  1.14549771 -0.9009733  -0.50606223 -0.65179986]
[-0.45954031  0.32066702 -0.04612876  2.3132801   0.60713122]
[-0.60243095  1.14549771 -0.25865827  2.11421356  0.42035717]
[-0.45954031  1.14549771 -0.36078903  0.92867998  0.09354064]
[-0.50717052  1.14549771  0.3354468   2.5383624   0.84146949]
[-0.50717052  0.25193113 -0.79875296 -0.37598346 -0.46422799]
[-0.79295181  1.14549771 -0.98931367  0.76967867 -0.39551918]
[-0.50717052  1.14549771 -0.57264052  1.02121274 -0.0148796 ]
[-0.45954031  0.32066702 -0.1449359   0.8921029   0.2013533 ]
[-0.65006116  1.14549771 -0.71806553  0.85741522 -0.15469337]
[-0.65006116  1.14549771 -0.4152439   1.1164585   0.15029317]
[-0.79295181  1.14549771 -1.35044859  0.6697336  -0.77541956]
[-0.60243095  1.14549771 -0.01945856  2.27059876  0.61163073]
[-0.36427988 -0.19485216 -0.01010519  2.15611975  0.55344834]
[-0.17375902  0.58113987 -0.1334531   1.14717356  0.28893991]
[-0.17375902  0.58113987  0.54579783  1.34924379  0.71520524]
[-0.60243095  1.14549771 -1.20289593  0.67666144 -0.65847457]
[-0.07849859 -0.25312824  0.93826643  2.41167488  1.04073951]
[-0.60243095  1.14549771 -1.27816078  0.65486053 -0.74939981]
[-0.45954031  1.14549771  0.53237341  2.36986558  0.87984084]
[-0.60243095  1.14549771 -0.58246259  2.07032105  0.22550807]
[-0.60243095  1.14549771 -1.30577962  0.65335869 -0.77320702]
[-0.45954031  0.32066702 -0.05238399  2.23397323  0.57203081]
[-0.79295181  1.14549771 -2.15519576 -1.97195553 -4.12454351]
[-0.79295181  1.14549771 -1.26768482  0.72496258 -0.65437514]
[-0.03086838  0.65809776  1.21536353  2.46525668  1.16122297]
[-0.69769138 -0.19485216 -1.14902364 -0.30995092 -0.75076428]
[-0.84058202  1.14549771 -0.77412468  2.06024419  0.12460505]
[-0.74532159  1.14549771 -0.74931634  2.06043797  0.13510263]
[-0.50717052  1.14549771  0.22424292  2.32311474  0.73674333]
[-0.55480074  1.14549771 -0.59017882  1.00755084 -0.03642066]
[-0.31664967  0.47532277  0.8999373   2.59422118  1.07705213]
[-0.65006116  1.14549771 -0.88771586  0.78542377 -0.3236915 ]
[-0.26901945  0.51474483  0.32996771  1.25050988  0.57385138]
[-0.88821224  1.14549771 -2.23075541 -1.99724459 -4.57315937]
[-0.12612881  0.12427876  0.51546136  2.31749495  0.84205688]
[-0.60243095  1.14549771 -0.34649547  2.17578902  0.4052529 ]
[-0.36427988  0.43064445  0.44865434  2.33430587  0.83021984]
[-0.41191009  0.3795835   0.14415588  2.25558036  0.66869907]
[-0.69769138  1.14549771 -1.12747186  0.70757029 -0.55779139]
[-0.65006116  1.14549771 -1.19351306  0.75529007 -0.58117126]
[-0.45954031  0.32066702 -0.63085079  0.84598186 -0.12936566]
[-0.84058202  1.14549771 -2.39459063 -2.04670843 -6.48584541]
[-0.69769138  1.14549771 -0.87017376  0.76725634 -0.3169686 ]
[-0.60243095  1.14549771 -0.80733475  0.84079809 -0.23182479]
[-0.60243095  0.07321781 -1.05038201  0.74313    -0.47470255]
[-0.41191009 -0.28420882  0.96487768  2.78456736  1.16525427]
[-0.50717052  0.25193113  0.24876264  2.5157379   0.80136106]
[-0.41191009  1.14549771  0.20195254  2.30925905  0.71442111]
[-0.74532159  1.14549771 -1.22531808  0.72573772 -0.624202  ]
[-0.17375902  1.14549771  0.72020791  2.4218002   0.9631706 ]
[-0.69769138 -0.19485216 -0.35319779  2.17627348  0.405063  ]
[-0.45954031  1.14549771 -0.5730176   0.91269265 -0.03585033]
[-0.50717052  1.14549771 -0.95957469 -0.46042566 -0.65451188]
[-0.41191009 -0.8650271   0.60759802  2.63443175  0.98336432]
[-0.41191009  1.14549771  0.52975805  2.31444282  0.85945441]
[-0.65006116  1.14549771 -1.03672145  0.76212102 -0.46113686]
[-0.45954031  1.14549771  0.09078441  2.25679152  0.64862373]
[-0.07849859  0.1706978  -0.48388519  1.00222172 -0.00146529]
[-0.74532159  1.14549771 -0.72813297  2.06072865  0.14542949]
