[-0.41191009  1.14549771 -0.84632913 -0.58684553 -0.57161123]
[-0.22138924 -0.89694019 -0.9408547  -1.69976326 -1.20025043]
[-0.26901945  1.14549771  0.06976575 -0.42532751  0.16419464]
[-0.12612881 -0.31670215 -0.74368793 -0.67623477 -0.51735254]
[-0.36427988  0.43064445 -0.40860549 -0.36762374 -0.1216615 ]
[-0.55480074  1.14549771 -1.1676476  -0.82109156 -0.99519831]
[ 0.01676183 -0.14123817 -0.35232235 -0.5475631  -0.16771754]
[-0.03086838  0.65809776  0.25302865 -0.15076367  0.35884996]
[-0.22138924  1.14549771 -0.742998   -0.70071478 -0.54766912]
[ 0.11202226 -0.0459244   0.05817741 -0.31498696  0.19234544]
[ 0.11202226 -0.0459244   1.12869577  0.16183853  0.90548218]
[-0.31664967  1.14549771 -0.79155301 -0.68556928 -0.59078763]
[-0.17375902  1.14549771 -1.23563788 -0.86652618 -1.11730048]
[-0.17375902  1.14549771 -0.53144609 -0.51002717 -0.27946382]
[-0.26901945  0.51474483 -0.3669719  -0.57974065 -0.16607336]
[-0.12612881  1.14549771 -0.08745267 -0.35494711  0.08151927]
[-0.22138924 -0.89694019 -0.82236078 -0.82332778 -0.71245093]
[-0.26901945  0.51474483 -1.35587281 -1.81266292 -1.82898818]
[-0.55480074 -0.64163546 -0.95396226 -0.69237007 -0.69147602]
[-0.03086838  0.65809776 -0.53360258 -0.65137547 -0.37142014]
[-0.36427988  1.14549771 -0.59573584 -0.59809808 -0.33642685]
[-0.55480074  0.1706978  -1.98119089 -1.88449889 -3.22142239]
[ 0.06439205 -0.09174833 -0.12585076 -0.4104673   0.06057027]
[-0.17375902 -0.38633072 -0.85193952 -0.67464572 -0.61674481]
[-0.03086838 -1.53520204  0.02338366 -0.44058816  0.13623665]
[-0.17375902 -0.38633072 -0.31704538 -0.42795336 -0.10601618]
[-0.03086838  0.21308041 -0.01801274 -0.57321434  0.03825667]
[-0.17375902  1.14549771 -0.894713   -1.46798563 -0.92147288]
[-0.74532159  1.14549771 -2.05705463 -1.97233904 -3.72772084]
[-0.07849859  0.63488824  0.35910076 -0.31150572  0.38474918]
[ 0.15965248  0.3512163   0.36175723 -0.40883266  0.30386504]
[-0.17375902  0.07321781 -0.17153975 -0.29774811  0.08368112]
[ 0.06439205  0.28767379 -0.87244671 -0.7204977  -0.67131458]
[-0.07849859 -1.32899437  0.27896279 -0.1239727   0.40147331]
[ 0.01676183 -1.44276412  0.22992245 -0.3837003   0.26092211]
[-0.03086838 -0.19485216 -0.26798474 -0.38556993 -0.04981478]
[-0.12612881 -0.7193369  -0.02253991 -0.2069268   0.19219753]
[-0.31664967 -0.11600805 -0.63686965 -0.41580829 -0.28529103]
[-0.31664967  1.14549771 -1.03565501 -0.82396509 -0.87740573]
[-0.26901945 -0.54757582 -1.50877785 -1.79427212 -2.05136881]
[-0.17375902  0.07321781 -0.18098856 -0.58207605 -0.05887694]
[-0.07849859 -0.64163546 -0.36554427 -1.2464825  -0.37085452]
[-0.17375902  0.07321781 -0.56740991 -0.65857998 -0.40663455]
[-0.07849859 -0.64163546 -0.04924417 -0.39161074  0.11236773]
[ 0.06439205 -0.09174833  0.200851   -0.38571374  0.24925792]
[-0.31664967  1.14549771 -1.27074078 -0.8462493  -1.11322028]
[ 0.01676183  0.67928906  0.03984409 -0.28823265  0.18946602]
[-0.12612881  1.14549771 -0.54152134 -1.52109147 -0.67225854]
[-0.03086838 -0.19485216 -0.43338814 -1.30161494 -0.4833252 ]
[ 0.01676183  0.25193113  0.46455225 -0.25913777  0.43729286]
[ 0.11202226  0.32066702 -0.79659451 -1.09331625 -0.76892547]
[-0.12612881  1.14549771  0.46833784  0.46712013  0.63028088]
[-0.12612881 -0.31670215  0.54992171  0.49211056  0.67456024]
[ 0.15965248  0.73308237 -0.19833207 -0.00074542  0.08824651]
[-0.03086838 -0.19485216  0.45338217  0.34410295  0.56864137]
[ 0.01676183  0.67928906 -0.20143229 -0.90319592 -0.17664829]
[-0.31664967  1.14549771  0.06429633  0.18578605  0.33413976]
[0.20728269 0.74835701 1.06969188 0.76812763 0.96696223]
[-0.22138924  1.14549771 -0.3500106   0.11948518  0.06468634]
[-0.17375902 -0.38633072 -0.18573457  0.05308514  0.13447267]
[-0.45954031  1.14549771 -0.21590487  0.13859131  0.15960733]
[ 0.06439205 -1.07301243  1.12358548  0.5868455   0.94343776]
[-0.03086838  0.21308041  0.7493213   0.5132198   0.77171654]
[0.20728269 0.3795835  0.9953455  0.75250931 0.94136705]
[-0.41191009 -0.8650271  -0.44470386 -0.52962538 -0.11975437]
[-0.07849859  1.14549771 -0.46721741 -0.04687093 -0.10539049]
[-0.41191009  1.14549771 -0.89068998 -0.09649178 -0.41862926]
[-0.60243095  1.14549771 -1.20687578 -0.99847322 -1.03412063]
[-0.36427988  0.43064445 -0.01658124  0.40879456  0.37897031]
[-0.12612881  0.60935776  0.77795834  0.6507527   0.83169833]
[ 0.01676183  0.25193113 -0.45861726 -0.69105644 -0.25292952]
[-0.03086838  0.21308041  0.38936694  0.33783795  0.52562655]
[-0.50717052  0.25193113 -0.11513556  0.43614952  0.33551697]
[-0.12612881 -0.31670215  0.65048605  0.52954827  0.74191521]
[-0.17375902 -0.38633072  0.16394757  0.29296262  0.40545975]
[-0.12612881  0.60935776  0.38323209  0.55062648  0.61990997]
[ 0.2549129  -0.23808926  1.09345419  0.44009182  0.8863116 ]
[-0.12612881  0.60935776  0.23552118 -0.45037105  0.30499968]
[-0.12612881  0.12427876 -1.425407   -1.79133796 -1.92224128]
[-0.22138924  1.14549771 -0.40040753 -0.60904702 -0.22498213]
[-0.12612881  1.14549771  0.05668818 -1.36281593 -0.10364456]
[ 0.11202226  1.14549771  0.62012333 -0.08418033  0.57362494]
[-0.60243095  1.14549771 -1.58943013 -1.81337355 -2.18744141]
[-0.17375902  0.58113987  0.02067953 -0.27542489  0.1856215 ]
[-0.45954031 -0.99906209 -0.4713201  -0.38591396 -0.15333187]
[-0.45954031  0.32066702 -0.36256279 -0.47037956 -0.11734318]
[-0.07849859  0.63488824 -0.48101428 -1.64706679 -0.71292015]
[-0.41191009 -0.28420882 -1.35930078 -0.88110581 -1.26370548]
[-0.41191009  1.14549771 -0.42283766 -0.39815209 -0.14117659]
[-0.60243095  1.14549771 -1.400291   -0.91310993 -1.34408067]
[-0.17375902  0.07321781 -0.11881821 -1.19244185 -0.1368848 ]
[-0.55480074  1.14549771 -1.24897897 -1.6483696  -1.46318069]
[-0.65006116  1.14549771 -2.21193452 -2.03407299 -4.80711196]
[-0.36427988  0.43064445 -0.83100782 -0.66280944 -0.56290481]
[-0.22138924  0.54978666 -0.32582522 -1.18178712 -0.28098329]
[-0.17375902  0.58113987  0.13607125 -0.37694181  0.2309911 ]
[-0.65006116  1.14549771 -1.9380764  -1.96060239 -3.2862367 ]
[-0.17375902  0.58113987 -0.30579124 -0.51437648 -0.12827093]
[-0.22138924  0.54978666 -1.35486196 -1.65399776 -1.71435268]
[-0.12612881 -0.7193369   0.14177362 -0.18102976  0.29790819]
[-0.55480074  1.14549771 -1.77329503 -1.85444336 -2.67477292]
[-0.22138924 -2.28579797 -0.77029911 -0.68694542 -0.54687738]
[ 0.06439205 -1.62167623 -0.25014735 -0.64669481 -0.17283239]
[-0.07849859  1.14549771 -1.6985271  -1.85444101 -2.56558092]
[-0.26901945 -0.0459244  -0.39474738 -0.36217888 -0.09380221]
[-0.69769138  1.14549771 -1.73374341 -1.82720213 -2.50681687]
[-0.17375902  0.58113987  0.14836107 -0.05041797  0.37336764]
[-0.50717052  1.14549771 -1.01281817 -1.30971808 -0.93809386]
[-0.50717052  1.14549771 -1.19223777 -0.84854991 -1.05099801]
[ 0.01676183  0.67928906  0.26137556 -0.16250642  0.36463104]
[-0.60243095  1.14549771 -1.62568874 -1.57367467 -1.96445893]
[-0.12612881  1.14549771 -0.95633237 -1.73102996 -1.23804219]
[-0.65006116 -0.0459244  -1.89264591 -1.90588495 -2.98912069]
[-0.45954031  1.14549771 -1.28547896 -0.7799771  -1.09401011]
[-0.03086838 -0.57015013  0.04882205 -0.49623337  0.12173511]
[ 0.01676183  0.25193113  0.19260484 -1.1985776   0.01905508]
[ 0.20728269  0.74835701  0.11667805 -0.43757363  0.16473634]
[ 0.06439205 -0.09174833  0.27220245 -0.26092798  0.32053379]
[-0.55480074  1.14549771 -0.88690298 -0.46623517 -0.5110967 ]
[-0.31664967 -0.11600805 -0.7445485  -0.76834667 -0.58937622]
[-0.41191009  0.3795835  -1.71595917 -1.86415105 -2.6325432 ]
[ 0.01676183  0.25193113  0.29305302 -0.38280919  0.30537075]
[-0.26901945  1.14549771 -0.05255426 -0.17613009  0.19591207]
[ 0.15965248 -0.92988274  1.09419224 -0.13871306  0.77264858]
[-0.45954031  1.14549771 -1.45095361 -1.75687719 -1.85304746]
[-0.12612881 -0.31670215  0.42598682 -0.2935774   0.41178711]
[-0.03086838 -0.19485216  0.48414016 -0.97714967  0.31650943]
[-0.22138924  0.01678203 -1.05966427 -0.81551181 -0.88959866]
[-0.03086838  0.21308041 -0.30482397 -0.69440232 -0.13044176]
[-0.60243095  1.14549771 -0.9001482  -0.04811171 -0.37578086]
[-0.17375902 -1.85688601  0.08893236  0.33273101  0.38952966]
[-0.22138924  1.14549771 -0.78052513 -0.74955356 -0.52815346]
[ 0.01676183  0.25193113  0.64874138 -0.35174975  0.53623083]
[-0.12612881  0.60935776 -0.02590541 -0.60513481  0.09856896]
[ 0.15965248  0.73308237  0.05217573 -0.67533238  0.0820967 ]
[-0.03086838  0.21308041  1.23438731  0.68156539  1.00694126]
[-0.41191009  1.14549771 -0.55108809  0.00275931 -0.11374872]
[-0.31664967 -0.11600805 -0.66227174 -0.90937067 -0.49954127]
[-0.07849859  0.63488824 -0.02748529 -0.45602835  0.16210651]
[-0.22138924  0.54978666 -0.7047826  -0.71844007 -0.44492631]
[-0.41191009  1.14549771 -1.02664462 -0.89718612 -0.85367636]
[-0.50717052 -1.71391536 -0.36581856  0.1396596   0.07253671]
[-0.31664967  0.47532277 -0.76749585 -0.85817301 -0.55344857]
[-0.12612881  1.14549771 -0.57744067 -0.99090258 -0.51477946]
[ 0.06439205 -0.09174833  0.38856043 -0.58375533  0.31075309]
[-0.07849859  0.63488824  0.6349642   0.5069689   0.71726903]
[-0.22138924  0.01678203  0.1452358  -0.51732615  0.24530566]
[-0.07849859  1.14549771  0.85993538  0.62782647  0.85179562]
[0.01676183 0.67928906 0.54084676 0.43042878 0.62459188]
[0.2549129  0.76254061 1.08429717 0.69967795 0.95577664]
[-0.03086838  0.65809776  0.97537309  0.36959251  0.82965406]
[-0.17375902  0.58113987  0.34261146  0.46121609  0.56929281]
[-0.31664967 -1.11193366 -1.04485219 -0.11409722 -0.55886869]
[ 0.2549129  -0.52993963  0.55198144 -0.48085052  0.45645199]
[-0.41191009  1.14549771 -0.42090634 -0.03901313 -0.06187782]
[-0.36427988 -2.07134199 -0.13770535  0.37310805  0.28892847]
[-0.41191009  1.14549771 -1.43919302 -1.05135628 -1.3643548 ]
[ 0.01676183  0.67928906  0.36045115 -0.35577947  0.39952522]
[-0.22138924  1.14549771 -0.10199074 -0.59121598  0.04246297]
[-0.17375902  1.14549771  0.68359868  0.63606873  0.79699327]
[-0.03086838  1.14549771  0.94574975  0.67828249  0.89861365]
[-0.07849859  1.14549771 -0.71849266 -1.1035602  -0.72124883]
[0.11202226 0.32066702 1.00537216 0.46907906 0.86641378]
[-0.07849859 -0.25312824 -0.1316207  -0.51395584  0.05840217]
[-0.03086838  1.14549771 -0.8065481  -1.09690793 -0.78874755]
[-0.31664967  0.47532277 -0.50748708  0.20658603 -0.00885438]
[-0.50717052 -2.20537698 -1.08099929 -0.11439848 -0.58131299]
[-0.17375902 -0.80410211  0.61516648  0.49818803  0.70200974]
[-0.03086838 -0.57015013  0.22585336 -0.6284201   0.23593391]
[-0.26901945  1.14549771 -0.26451507  0.0755879   0.07927236]
[-0.12612881  0.60935776 -1.0152588  -1.17627036 -1.07260988]
[-0.03086838  0.21308041  0.3501701   0.18865253  0.44698745]
[-0.17375902  1.14549771  0.60195887  0.4808472   0.68715873]
[-0.17375902 -0.80410211  0.30811783  0.22849754  0.45973126]
[ 0.15965248 -0.00337361  0.63851453  0.25429118  0.61683742]
[-0.12612881  0.12427876  0.6246644   0.67214204  0.76814451]
[0.01676183 0.25193113 1.34258775 0.52816508 1.02127999]
[-0.12612881  0.60935776  0.16062085  0.23621152  0.39823768]
[ 0.11202226 -0.38633072  1.00943509 -0.133569    0.77383745]
[ 0.11202226 -0.0459244   1.22224166  0.65569043  1.00043922]
[-0.07849859  0.1706978   0.67157732  0.29636865  0.66536807]
[-0.60243095  0.07321781 -0.46670547  0.02111533 -0.03893539]
[-0.26901945  1.14549771 -0.75809022 -0.93801905 -0.59614354]
[-0.17375902  0.07321781  0.52208376  0.4154567   0.63310937]
[0.01676183 0.25193113 0.86593    0.5776595  0.83774657]
[ 0.06439205  0.69871442  0.38136375 -0.64627464  0.29735498]
[0.11202226 0.71658575 0.80706351 0.66402058 0.83575796]
[ 0.11202226 -0.0459244   0.37395761 -0.67564963  0.27275624]
[0.15965248 0.3512163  1.24050391 0.71598433 1.01548726]
[-0.60243095 -1.53520204 -0.73498767 -0.04248967 -0.26687672]
[-0.07849859 -0.99906209 -0.25510056  0.04120233  0.0815294 ]
[-0.07849859 -0.25312824  0.18108983  0.44314113  0.46610206]
[-0.17375902  1.14549771  0.47029485  0.3366813   0.59020041]
[-0.03086838 -0.19485216  0.34861954  0.26720939  0.5150475 ]
[ 0.06439205  0.69871442 -0.2311251  -0.75776715 -0.13919668]
[-0.17375902  0.58113987  0.50759952  0.51272489  0.65547444]
[0.11202226 0.71658575 1.17969404 0.60454963 0.95970358]
[-0.26901945  1.14549771  0.54496339  0.49204382  0.67223851]
[-0.45954031  1.14549771 -1.15924499 -0.99888399 -0.99975081]
[-0.26901945 -0.0459244  -0.01146514  0.22700437  0.29790356]
[-0.12612881 -2.55201919  0.71439348  0.56186917  0.77895289]
[-0.26901945  1.14549771 -0.12171639  0.16316015  0.22966667]
[ 0.11202226  1.14549771  0.56215261 -0.51761426  0.41719652]
[-0.31664967  1.14549771 -1.25496692 -1.18306785 -1.31919306]
[-0.41191009  1.14549771 -1.18938431 -1.10141939 -1.12434393]
[-0.17375902  0.58113987 -0.24692712 -0.00299622  0.0447627 ]
[0.01676183 0.25193113 0.33354318 0.31941331 0.50911024]
[-0.17375902 -0.38633072  0.16862687  0.21184759  0.39047327]
[-0.60243095  0.07321781 -0.84807579 -0.08442802 -0.37611556]
[-0.55480074  1.14549771 -1.0967044  -1.03789288 -0.98068538]
[-0.07849859 -0.64163546  1.16444501  0.73597592  1.00768094]
[-0.03086838  0.21308041  0.10808307 -0.50102541  0.19710086]
[-0.26901945 -0.54757582 -0.31699398  0.21780427  0.10534879]
[-0.45954031  1.14549771 -0.16892119  0.07483967  0.16012004]
[-0.31664967  0.47532277 -0.5762015  -0.01535701 -0.14829517]
[-0.22138924  1.14549771 -1.24720617 -1.18290242 -1.31097053]
[ 0.11202226 -0.38633072  0.85729965  0.51182674  0.80544778]
[-0.36427988  1.14549771 -0.88943021 -1.00094209 -0.75870766]
[-0.07849859 -1.32899437  0.19043275  0.4432168   0.48051042]
[-0.03086838 -0.91657902  1.09950938  0.5436377   0.92837702]
[ 0.06439205 -0.09174833  0.98934003  0.48864484  0.85869592]
[-0.26901945  1.14549771 -0.37951734 -0.58183259 -0.1331066 ]
[ 0.01676183 -1.15224493  0.16569508  0.33114949  0.43457906]
[-0.17375902  1.14549771  0.3008916   0.35597589  0.50426646]
[-0.65006116  1.14549771 -0.79285774 -0.7052253  -0.48376614]
[-0.12612881  1.14549771  0.82092191  0.62207894  0.82142795]
[-0.03086838  0.21308041  0.29435547 -0.45414415  0.32244959]
[ 0.06439205  1.14549771  0.39658298 -0.59946623  0.33534575]
[-0.50717052 -0.50416367 -1.09570159 -0.97818741 -0.93278325]
[-0.45954031  1.14549771 -0.1645762   0.16741781  0.19483708]
[-0.12612881  0.60935776 -0.1586975   0.09558983  0.15385365]
[-0.31664967  1.14549771 -0.37873441 -0.04842661 -0.05150981]
[-0.07849859  1.14549771 -0.98459198 -1.13188335 -0.99843589]
[ 0.20728269 -0.28420882  1.07533611  0.44175653  0.87263649]
[-0.17375902  0.07321781 -0.34274364 -0.04816435 -0.03466354]
[-0.03086838  0.21308041  0.56144955 -0.57290744  0.4300027 ]
[-0.17375902  0.58113987 -0.14247047 -0.7730372  -0.06543624]
[-0.12612881  1.14549771  0.30865781  0.45809158  0.55602659]
[-0.22138924  0.54978666  0.64969116  0.51996842  0.7143872 ]
[-0.03086838  1.14549771 -0.16579443  0.15895889  0.17059093]
[-0.03086838  0.21308041  0.42436706  0.3704916   0.56365254]
[-0.26901945  1.14549771 -0.08352716  0.23611376  0.23947431]
[-0.07849859  0.1706978   1.18677747  0.63392274  0.99875037]
[-0.22138924  0.54978666 -0.63069394 -0.8433283  -0.48908633]
[-0.22138924 -0.46292214  0.25957257  0.35663529  0.50515933]
[-0.07849859 -0.25312824  0.10079947  0.15999945  0.33172795]
[-0.07849859  0.63488824  0.36836902  0.33812183  0.54157108]
[0.01676183 0.25193113 0.17216479 0.21565547 0.38129479]
[0.20728269 0.74835701 1.47050433 0.76232369 1.11712751]
[-0.26901945 -0.99906209 -0.25990457  0.15203402  0.12209815]
[-0.22138924 -0.46292214 -0.24282725 -0.73613763 -0.11095456]
[-0.22138924  0.54978666 -0.67947859 -1.0499416  -0.61928298]
[-0.26901945 -0.0459244   0.03174324  0.17725475  0.30706437]
[ 0.11202226 -0.0459244   0.89559236  0.62891121  0.84586602]
[-0.07849859  0.1706978  -0.27479304  0.11635644  0.09311288]
[-0.36427988  0.43064445 -0.83250745 -0.96676425 -0.69790832]
[-0.36427988 -0.19485216 -0.52298633 -0.76191013 -0.32280872]
[-0.41191009  0.3795835  -0.74666935 -0.09337338 -0.33031807]
[0.20728269 0.3795835  0.96797213 0.39710445 0.81550462]
[-0.45954031  1.14549771 -1.08158592 -0.99318017 -0.92403844]
[-0.22138924  1.14549771  0.13243391  0.30078705  0.39536382]
[-0.50717052  1.14549771 -1.38872553 -1.19788389 -1.47471319]
[-0.03086838  1.14549771 -0.14805297 -0.63912183 -0.04206754]
[0.20728269 0.74835701 1.67137478 0.76292152 1.18386462]
[-0.17375902  1.14549771  0.46235635  0.48020566  0.6323845 ]
[-0.65006116 -1.77890202 -1.00165937 -0.10932351 -0.5127231 ]
[-0.50717052 -1.71391536 -0.42475337  0.21503273  0.04737886]
[-0.26901945 -0.99906209 -0.56686655 -0.03340613 -0.1660892 ]
[-0.65006116 -0.0459244  -0.75851156 -0.05300715 -0.28175585]
[-0.17375902  0.58113987  0.48598886  0.53032235  0.66012054]
[-0.12612881 -0.31670215  0.35114118  0.32103761  0.51829438]
[-0.12612881 -2.03162792  0.16582841  0.332371    0.42673172]
[-0.17375902  1.14549771 -0.35423497 -0.96881953 -0.310263  ]
[0.20728269 0.74835701 1.39333843 0.64361116 1.06707627]
[-0.17375902  0.58113987 -0.04099416  0.13149066  0.24254251]
[-0.12612881  0.12427876 -0.63913815 -0.85946454 -0.46569463]
[-0.65006116  1.14549771 -1.51205221 -1.15184016 -1.54384035]
[-0.03086838  1.14549771  0.58040528  0.41455902  0.65688291]
[ 0.11202226 -0.0459244   0.69497644  0.37705458  0.69993295]
[ 0.01676183  0.67928906 -0.1134423   0.01318374  0.13008959]
[-0.36427988  0.43064445  0.31065558  0.46410466  0.55452361]
[-0.31664967  1.14549771 -0.75304003 -0.80447075 -0.52894836]
[-0.60243095  1.14549771 -0.64820854  0.00553179 -0.16356507]
[-0.36427988 -0.19485216  0.1941447   0.3470733   0.45298988]
[ 0.06439205  0.69871442 -0.21514045 -0.66931084 -0.09868132]
[-0.31664967  1.14549771 -0.92165748 -0.96909353 -0.76027082]
[ 0.01676183 -0.84020581  0.79470668  0.65491824  0.82561696]
[-0.26901945  1.14549771  0.31294609  0.40334453  0.54873248]
[-0.17375902 -1.53520204 -0.36258735  0.13634098  0.07018891]
[-0.22138924  0.54978666 -0.62126401 -0.86866229 -0.45729791]
[-0.45954031  1.14549771 -1.07026371 -1.03487741 -0.96128271]
[-0.03086838  0.65809776  0.86389766  0.61115867  0.84514405]
[ 0.11202226  0.32066702  0.51437722 -0.34318743  0.48903673]
[-0.26901945  0.51474483 -0.40467548 -0.67398679 -0.20255306]
[-0.07849859 -0.25312824  0.00393059  0.17751607  0.27798898]
[-0.41191009  1.14549771 -1.23943121 -1.04503723 -1.15918806]
[ 0.01676183  1.14549771  0.45642196 -0.45451826  0.43868968]
[0.11202226 0.71658575 0.18860533 0.14824683 0.36432959]
[-0.36427988  1.14549771 -0.73284546 -0.81136131 -0.52215329]
[-0.12612881 -0.7193369   0.49712231  0.51700887  0.66371431]
[-0.41191009  1.14549771  0.2584789   0.50337017  0.55822738]
[-0.17375902  0.07321781  0.4497683   0.32974045  0.56584319]
[0.01676183 0.25193113 0.73066991 0.54654037 0.76568642]
[-0.26901945  1.14549771 -0.2847697   0.09200708  0.08692503]
[-0.45954031 -0.38633072 -0.30970724 -0.71284623 -0.13117498]
[-0.41191009 -2.60748194  0.14851008  0.52261259  0.50025817]
[ 0.11202226 -0.38633072  1.41485217  0.78045223  1.11425273]
[-0.12612881 -2.03162792  0.30290453  0.43066189  0.53321442]
[ 0.06439205  1.14549771  0.41213291 -0.39120701  0.40054135]
[-0.22138924  0.54978666  0.15145683  0.21120934  0.38914558]
[-0.22138924  1.14549771  0.20641371 -0.44482514  0.29181919]
[-0.36427988  1.14549771 -1.11953999 -0.98187967 -0.95176053]
[0.01676183 0.25193113 0.88296443 0.43056085 0.79877617]
[-0.60243095  1.14549771 -1.02234156 -0.11279628 -0.53661979]
[ 0.01676183  0.67928906  0.43885384 -0.57553986  0.3339728 ]
[-0.22138924 -0.46292214 -0.06157546  0.09580838  0.22600874]
[-0.31664967  1.14549771 -0.53351532 -0.70768618 -0.32439154]
[-0.36427988 -1.6762915  -0.60497961  0.05464317 -0.13133887]
[-0.22138924  1.14549771 -0.22854988 -0.66530322 -0.08904566]
[-0.17375902 -0.38633072 -0.13001776 -0.74990089 -0.03629856]
[ 0.01676183 -0.84020581  0.25217274 -0.39344935  0.31688702]
[-0.26901945  1.14549771 -0.50873734 -0.946454   -0.41797732]
[-0.17375902 -0.80410211  0.47858098  0.26833173  0.55998889]
[-0.31664967  0.47532277 -0.38222745  0.07478703  0.01870396]
[-0.17375902  0.58113987  0.12542114  0.21221607  0.37658208]
[ 0.11202226  0.71658575  0.2291969  -0.48124249  0.27786063]
[-0.26901945  0.51474483 -0.86027426 -0.83198645 -0.64692248]
[-0.41191009 -0.28420882 -0.11960969  0.21274622  0.24787203]
[-0.12612881 -0.31670215  0.37919362 -0.52546501  0.35466339]
[-0.36427988  0.43064445 -1.19011337 -1.14155579 -1.20327299]
[-0.07849859 -0.99906209 -0.18175585  0.22265083  0.17245011]
[-0.07849859  0.1706978  -0.34658292 -0.90616674 -0.27705772]
[-0.03086838  0.21308041  0.03965885  0.03526444  0.22861691]
[-0.12612881  0.12427876 -0.50067086 -0.6965812  -0.28414407]
[-0.31664967 -0.11600805  0.40819914  0.52275265  0.63515563]
[-0.17375902  0.07321781  0.84641673  0.47156203  0.79931975]
[-0.41191009  0.3795835  -0.5832416  -0.86193811 -0.4073513 ]
[-0.17375902  1.14549771  0.17775986  0.16687638  0.36913407]
[-0.26901945  1.14549771  0.10889919 -0.3048699   0.30922659]
[-0.26901945  1.14549771 -0.52260003 -0.90420781 -0.40423005]
[-0.03086838 -0.19485216  0.85049045  0.68070765  0.86467594]
[-0.17375902  0.58113987  0.51113514  0.491164    0.65370525]
[-0.07849859 -0.99906209  0.23205758  0.24552677  0.4326652 ]
[-0.22138924 -1.6517542   0.70198215  0.41989766  0.71849532]
[0.2549129  0.40599433 1.48467053 0.68580707 1.10136201]
[-0.31664967 -0.11600805 -0.02474577  0.26768878  0.29046099]
[0.20728269 0.3795835  1.69845243 0.85479702 1.23108661]
[-0.12612881  1.14549771 -0.34529568 -0.74170939 -0.18302393]
[-0.17375902  0.58113987  0.39310338  0.43046544  0.57058666]
[-0.07849859  0.1706978   0.18056012  0.20279789  0.38532518]
[-0.03086838 -0.19485216  0.84676842  0.53367809  0.81516352]
[-0.26901945 -0.99906209  0.26708204  0.46175423  0.52085702]
[-0.03086838  1.14549771  1.00246177  0.56098276  0.87935482]
[-0.17375902  1.14549771 -0.12368237 -0.60913961  0.03674267]
[-0.12612881 -0.31670215  0.58096005  0.28165742  0.62179841]
[ 0.01676183 -0.14123817  0.37015896  0.23083716  0.49530616]
[-0.26901945  1.14549771 -1.1479392  -1.10028999 -1.08104064]
[-0.07849859  1.14549771 -0.40383499 -0.05775408 -0.07654222]
[-0.26901945 -1.40754967 -0.72639292  0.04214278 -0.21613292]
[-0.12612881 -1.42797405  0.63778419  0.39872874  0.6840024 ]
[-0.12612881  1.14549771 -0.60666986 -0.73747664 -0.39711418]
[-0.45954031  1.14549771 -0.82854034 -0.92491097 -0.65877478]
[-0.26901945  1.14549771 -0.71212868 -0.92738783 -0.56705224]
[-0.22138924  1.14549771 -0.64614086 -0.73802183 -0.4211103 ]
[0.20728269 0.3795835  1.42050201 0.75922691 1.10039974]
[0.11202226 1.14549771 0.09982154 0.0434174  0.25982053]
[-0.22138924  1.14549771  0.46358921  0.35520651  0.58314338]
[-0.26901945  0.51474483 -0.6909109  -0.79556205 -0.46213663]
[ 0.01676183 -0.50416367  0.97993673  0.61829832  0.89474309]
[-0.31664967 -1.11193366  0.18694329 -0.45455915  0.28193912]
[-0.03086838  1.14549771 -0.46001827 -0.6528832  -0.24206038]
[-0.17375902  0.07321781 -0.10284362  0.20375808  0.25018571]
[-0.26901945  1.14549771  0.61423197  0.49835911  0.70487709]
[0.01676183 0.67928906 0.48554298 0.25893001 0.55162514]
[-0.41191009  1.14549771 -0.99770411 -0.88104377 -0.80045716]
[-0.12612881 -0.31670215  0.18223905 -0.69437882  0.17468879]
[-0.12612881  1.14549771 -0.02478077 -0.60737103  0.07714346]
[-0.41191009 -0.28420882 -0.64237178 -0.05841583 -0.22092868]
[-0.26901945 -1.40754967 -0.07803767  0.37758426  0.32226445]
[-0.17375902  0.07321781 -0.04823586  0.15970994  0.23689682]
[-0.17375902  1.14549771  0.60214306  0.62492897  0.74115195]
[-0.31664967  1.14549771 -0.49540019 -0.80875238 -0.35412513]
[-0.03086838  0.65809776  1.18738263  0.73877144  1.02059528]
[-0.17375902 -1.18554555 -0.18432105  0.08694573  0.13214566]
[-0.31664967  1.14549771  0.16173409  0.19975939  0.38858707]
[0.01676183 0.67928906 0.3965558  0.19704706 0.48758541]
[-0.22138924  0.54978666 -0.10508109  0.05411724  0.18225257]
[-0.17375902  0.07321781 -0.1033179   0.11648428  0.19440648]
[-0.31664967  1.14549771 -1.08261933 -1.05388625 -1.00880159]
[0.11202226 0.71658575 1.15526013 0.56641352 0.92634677]
[ 0.11202226  1.14549771  1.24552988 -0.26812967  0.85390132]
[-0.03086838 -0.91657902  0.70907224  0.64918245  0.78927793]
[-0.50717052  1.14549771 -1.3547651  -0.9133877  -1.16960799]
[-0.07849859  0.1706978   0.18499823 -0.51852322  0.22608517]
[-0.36427988 -0.74676094  0.27842017  0.36629833  0.50724967]
[-0.07849859 -1.63448722  1.05777865  0.7065765   0.95840199]
[ 0.15965248 -0.92988274  1.64288377  0.8539092   1.20498421]
[-0.12612881  0.12427876  0.1850906   0.17983689  0.38207029]
[-0.22138924  1.14549771  0.20641371 -0.44482514  0.29181919]
[-0.17375902 -0.38633072  0.57418065  0.37681065  0.65930575]
[-0.36427988  0.43064445 -0.04174299 -0.48877036  0.13273878]
[-3.16649665e-01 -1.16008053e-01 -6.29718537e-01 -8.08541639e-05 -1.62878897e-01]
[-0.07849859  1.14549771 -0.71319609 -0.09729641 -0.31884834]
[ 0.01676183  0.67928906 -0.88272291 -0.88268874 -0.7225569 ]
[-0.55480074  1.14549771 -1.25740572 -1.08302201 -1.16926119]
[ 0.01676183  0.25193113  0.51158434 -0.40285201  0.45984647]
[-0.45954031  1.14549771 -0.5754769  -0.02670639 -0.1460919 ]
[-0.12612881  1.14549771  0.56835206 -0.37716317  0.50724188]
[-0.07849859 -0.64163546 -0.05771057  0.17986603  0.23752786]
[-0.12612881  0.12427876  0.29532729  0.46470249  0.54790066]
[-0.36427988 -0.19485216 -1.15312835 -1.01962193 -1.03446554]
[-0.55480074  1.14549771 -1.83806702 -1.22958487 -2.15273823]
[-0.17375902  0.07321781 -0.67400891 -0.81354019 -0.48191394]
[-0.12612881  0.12427876  0.69725521  0.37572356  0.70432176]
[ 0.06439205 -0.4430651   0.92107436  0.38683887  0.79515263]
[0.01676183 1.14549771 0.74579249 0.54180708 0.77269618]
[ 0.20728269 -0.583986    0.78030962 -0.47370476  0.56493704]
[-0.07849859 -1.63448722  0.83482648  0.36425246  0.75507789]
[0.01676183 0.67928906 0.14253135 0.17345909 0.35104452]
[-0.45954031 -0.99906209 -0.4320057  -0.72673779 -0.21261328]
[ 0.06439205  0.28767379  0.96536704 -0.14388392  0.75489896]
[0.01676183 0.25193113 1.42222459 0.73574845 1.11024205]
[ 0.20728269 -0.28420882  1.53553172  0.64089226  1.11986383]
[-0.12612881  0.12427876 -1.425407   -1.79133796 -1.92224128]
[-0.22138924  1.14549771 -0.40040753 -0.60904702 -0.22498213]
[-0.12612881  1.14549771  0.05668818 -1.36281593 -0.10364456]
[ 0.11202226  1.14549771  0.62012333 -0.08418033  0.57362494]
[-0.60243095  1.14549771 -1.58943013 -1.81337355 -2.18744141]
[-0.17375902  0.58113987  0.02067953 -0.27542489  0.1856215 ]
[-0.45954031 -0.99906209 -0.4713201  -0.38591396 -0.15333187]
[-0.45954031  0.32066702 -0.36256279 -0.47037956 -0.11734318]
[-0.07849859  0.63488824 -0.48101428 -1.64706679 -0.71292015]
[-0.41191009 -0.28420882 -1.35930078 -0.88110581 -1.26370548]
[-0.41191009  1.14549771 -0.42283766 -0.39815209 -0.14117659]
[-0.60243095  1.14549771 -1.400291   -0.91310993 -1.34408067]
[-0.17375902  0.07321781 -0.11881821 -1.19244185 -0.1368848 ]
[-0.55480074  1.14549771 -1.24897897 -1.6483696  -1.46318069]
[-0.65006116  1.14549771 -2.21193452 -2.03407299 -4.80711196]
[-0.36427988  0.43064445 -0.83100782 -0.66280944 -0.56290481]
[-0.22138924  0.54978666 -0.32582522 -1.18178712 -0.28098329]
[-0.17375902  0.58113987  0.13607125 -0.37694181  0.2309911 ]
[-0.65006116  1.14549771 -1.9380764  -1.96060239 -3.2862367 ]
[-0.17375902  0.58113987 -0.30579124 -0.51437648 -0.12827093]
[-0.22138924  0.54978666 -1.35486196 -1.65399776 -1.71435268]
[-0.12612881 -0.7193369   0.14177362 -0.18102976  0.29790819]
[-0.55480074  1.14549771 -1.77329503 -1.85444336 -2.67477292]
[-0.22138924 -2.28579797 -0.77029911 -0.68694542 -0.54687738]
[ 0.06439205 -1.62167623 -0.25014735 -0.64669481 -0.17283239]
[-0.07849859  1.14549771 -1.6985271  -1.85444101 -2.56558092]
[-0.26901945 -0.0459244  -0.39474738 -0.36217888 -0.09380221]
[-0.69769138  1.14549771 -1.73374341 -1.82720213 -2.50681687]
[-0.17375902  0.58113987  0.14836107 -0.05041797  0.37336764]
[-0.50717052  1.14549771 -1.01281817 -1.30971808 -0.93809386]
[-0.50717052  1.14549771 -1.19223777 -0.84854991 -1.05099801]
[ 0.01676183  0.67928906  0.26137556 -0.16250642  0.36463104]
[-0.60243095  1.14549771 -1.62568874 -1.57367467 -1.96445893]
[-0.12612881  1.14549771 -0.95633237 -1.73102996 -1.23804219]
[-0.65006116 -0.0459244  -1.89264591 -1.90588495 -2.98912069]
[-0.45954031  1.14549771 -1.28547896 -0.7799771  -1.09401011]
[-0.03086838 -0.57015013  0.04882205 -0.49623337  0.12173511]
[ 0.01676183  0.25193113  0.19260484 -1.1985776   0.01905508]
[ 0.20728269  0.74835701  0.11667805 -0.43757363  0.16473634]
[ 0.06439205 -0.09174833  0.27220245 -0.26092798  0.32053379]
[-0.55480074  1.14549771 -0.88690298 -0.46623517 -0.5110967 ]
[-0.31664967 -0.11600805 -0.7445485  -0.76834667 -0.58937622]
[-0.41191009  0.3795835  -1.71595917 -1.86415105 -2.6325432 ]
[ 0.01676183  0.25193113  0.29305302 -0.38280919  0.30537075]
[-0.26901945  1.14549771 -0.05255426 -0.17613009  0.19591207]
[ 0.15965248 -0.92988274  1.09419224 -0.13871306  0.77264858]
[-0.45954031  1.14549771 -1.45095361 -1.75687719 -1.85304746]
[-0.12612881 -0.31670215  0.42598682 -0.2935774   0.41178711]
[-0.03086838 -0.19485216  0.48414016 -0.97714967  0.31650943]
[-0.22138924  0.01678203 -1.05966427 -0.81551181 -0.88959866]
[-0.03086838  0.21308041 -0.30482397 -0.69440232 -0.13044176]
[-0.60243095  1.14549771 -0.9001482  -0.04811171 -0.37578086]
[-0.17375902 -1.85688601  0.08893236  0.33273101  0.38952966]
[-0.22138924  1.14549771 -0.78052513 -0.74955356 -0.52815346]
[ 0.01676183  0.25193113  0.64874138 -0.35174975  0.53623083]
[-0.12612881  0.60935776 -0.02590541 -0.60513481  0.09856896]
[ 0.15965248  0.73308237  0.05217573 -0.67533238  0.0820967 ]
[-0.03086838  0.21308041  1.23438731  0.68156539  1.00694126]
[-0.41191009  1.14549771 -0.55108809  0.00275931 -0.11374872]
[-0.31664967 -0.11600805 -0.66227174 -0.90937067 -0.49954127]
[-0.07849859  0.63488824 -0.02748529 -0.45602835  0.16210651]
[-0.22138924  0.54978666 -0.7047826  -0.71844007 -0.44492631]
[-0.41191009  1.14549771 -1.02664462 -0.89718612 -0.85367636]
[-0.50717052 -1.71391536 -0.36581856  0.1396596   0.07253671]
[-0.31664967  0.47532277 -0.76749585 -0.85817301 -0.55344857]
[-0.12612881  1.14549771 -0.57744067 -0.99090258 -0.51477946]
[ 0.06439205 -0.09174833  0.38856043 -0.58375533  0.31075309]
[-0.07849859  0.63488824  0.6349642   0.5069689   0.71726903]
[-0.22138924  0.01678203  0.1452358  -0.51732615  0.24530566]
[-0.07849859  1.14549771  0.85993538  0.62782647  0.85179562]
[0.01676183 0.67928906 0.54084676 0.43042878 0.62459188]
[0.2549129  0.76254061 1.08429717 0.69967795 0.95577664]
[-0.03086838  0.65809776  0.97537309  0.36959251  0.82965406]
[-0.17375902  0.58113987  0.34261146  0.46121609  0.56929281]
[-0.31664967 -1.11193366 -1.04485219 -0.11409722 -0.55886869]
[ 0.2549129  -0.52993963  0.55198144 -0.48085052  0.45645199]
[-0.41191009  1.14549771 -0.42090634 -0.03901313 -0.06187782]
[-0.36427988 -2.07134199 -0.13770535  0.37310805  0.28892847]
[-0.41191009  1.14549771 -1.43919302 -1.05135628 -1.3643548 ]
[ 0.01676183  0.67928906  0.36045115 -0.35577947  0.39952522]
[-0.22138924  1.14549771 -0.10199074 -0.59121598  0.04246297]
[-0.17375902  1.14549771  0.68359868  0.63606873  0.79699327]
[-0.03086838  1.14549771  0.94574975  0.67828249  0.89861365]
[-0.07849859  1.14549771 -0.71849266 -1.1035602  -0.72124883]
[0.11202226 0.32066702 1.00537216 0.46907906 0.86641378]
[-0.07849859 -0.25312824 -0.1316207  -0.51395584  0.05840217]
[-0.03086838  1.14549771 -0.8065481  -1.09690793 -0.78874755]
[-0.31664967  0.47532277 -0.50748708  0.20658603 -0.00885438]
[-0.50717052 -2.20537698 -1.08099929 -0.11439848 -0.58131299]
[-0.17375902 -0.80410211  0.61516648  0.49818803  0.70200974]
[-0.03086838 -0.57015013  0.22585336 -0.6284201   0.23593391]
[-0.26901945  1.14549771 -0.26451507  0.0755879   0.07927236]
[-0.12612881  0.60935776 -1.0152588  -1.17627036 -1.07260988]
[-0.03086838  0.21308041  0.3501701   0.18865253  0.44698745]
[-0.17375902  1.14549771  0.60195887  0.4808472   0.68715873]
[-0.17375902 -0.80410211  0.30811783  0.22849754  0.45973126]
[ 0.15965248 -0.00337361  0.63851453  0.25429118  0.61683742]
[-0.12612881  0.12427876  0.6246644   0.67214204  0.76814451]
[0.01676183 0.25193113 1.34258775 0.52816508 1.02127999]
[-0.12612881  0.60935776  0.16062085  0.23621152  0.39823768]
[ 0.11202226 -0.38633072  1.00943509 -0.133569    0.77383745]
[ 0.11202226 -0.0459244   1.22224166  0.65569043  1.00043922]
[-0.07849859  0.1706978   0.67157732  0.29636865  0.66536807]
[-0.60243095  0.07321781 -0.46670547  0.02111533 -0.03893539]
[-0.26901945  1.14549771 -0.75809022 -0.93801905 -0.59614354]
[-0.17375902  0.07321781  0.52208376  0.4154567   0.63310937]
[0.01676183 0.25193113 0.86593    0.5776595  0.83774657]
[ 0.06439205  0.69871442  0.38136375 -0.64627464  0.29735498]
[0.11202226 0.71658575 0.80706351 0.66402058 0.83575796]
[ 0.11202226 -0.0459244   0.37395761 -0.67564963  0.27275624]
[0.15965248 0.3512163  1.24050391 0.71598433 1.01548726]
[-0.60243095 -1.53520204 -0.73498767 -0.04248967 -0.26687672]
[-0.07849859 -0.99906209 -0.25510056  0.04120233  0.0815294 ]
[-0.07849859 -0.25312824  0.18108983  0.44314113  0.46610206]
[-0.17375902  1.14549771  0.47029485  0.3366813   0.59020041]
[-0.03086838 -0.19485216  0.34861954  0.26720939  0.5150475 ]
[ 0.06439205  0.69871442 -0.2311251  -0.75776715 -0.13919668]
[-0.17375902  0.58113987  0.50759952  0.51272489  0.65547444]
[0.11202226 0.71658575 1.17969404 0.60454963 0.95970358]
[-0.26901945  1.14549771  0.54496339  0.49204382  0.67223851]
[-0.45954031  1.14549771 -1.15924499 -0.99888399 -0.99975081]
[-0.26901945 -0.0459244  -0.01146514  0.22700437  0.29790356]
[-0.12612881 -2.55201919  0.71439348  0.56186917  0.77895289]
[-0.26901945  1.14549771 -0.12171639  0.16316015  0.22966667]
[ 0.11202226  1.14549771  0.56215261 -0.51761426  0.41719652]
[-0.31664967  1.14549771 -1.25496692 -1.18306785 -1.31919306]
[-0.41191009  1.14549771 -1.18938431 -1.10141939 -1.12434393]
[-0.17375902  0.58113987 -0.24692712 -0.00299622  0.0447627 ]
[0.01676183 0.25193113 0.33354318 0.31941331 0.50911024]
[-0.17375902 -0.38633072  0.16862687  0.21184759  0.39047327]
[-0.60243095  0.07321781 -0.84807579 -0.08442802 -0.37611556]
[-0.55480074  1.14549771 -1.0967044  -1.03789288 -0.98068538]
[-0.07849859 -0.64163546  1.16444501  0.73597592  1.00768094]
[-0.03086838  0.21308041  0.10808307 -0.50102541  0.19710086]
[-0.26901945 -0.54757582 -0.31699398  0.21780427  0.10534879]
[-0.45954031  1.14549771 -0.16892119  0.07483967  0.16012004]
[-0.31664967  0.47532277 -0.5762015  -0.01535701 -0.14829517]
[-0.22138924  1.14549771 -1.24720617 -1.18290242 -1.31097053]
[ 0.11202226 -0.38633072  0.85729965  0.51182674  0.80544778]
[-0.36427988  1.14549771 -0.88943021 -1.00094209 -0.75870766]
[-0.07849859 -1.32899437  0.19043275  0.4432168   0.48051042]
[-0.03086838 -0.91657902  1.09950938  0.5436377   0.92837702]
[ 0.06439205 -0.09174833  0.98934003  0.48864484  0.85869592]
[-0.26901945  1.14549771 -0.37951734 -0.58183259 -0.1331066 ]
[ 0.01676183 -1.15224493  0.16569508  0.33114949  0.43457906]
[-0.17375902  1.14549771  0.3008916   0.35597589  0.50426646]
[-0.65006116  1.14549771 -0.79285774 -0.7052253  -0.48376614]
[-0.12612881  1.14549771  0.82092191  0.62207894  0.82142795]
[-0.03086838  0.21308041  0.29435547 -0.45414415  0.32244959]
[ 0.06439205  1.14549771  0.39658298 -0.59946623  0.33534575]
[-0.50717052 -0.50416367 -1.09570159 -0.97818741 -0.93278325]
[-0.45954031  1.14549771 -0.1645762   0.16741781  0.19483708]
[-0.12612881  0.60935776 -0.1586975   0.09558983  0.15385365]
[-0.31664967  1.14549771 -0.37873441 -0.04842661 -0.05150981]
[-0.07849859  1.14549771 -0.98459198 -1.13188335 -0.99843589]
[ 0.20728269 -0.28420882  1.07533611  0.44175653  0.87263649]
[-0.17375902  0.07321781 -0.34274364 -0.04816435 -0.03466354]
[-0.03086838  0.21308041  0.56144955 -0.57290744  0.4300027 ]
[-0.17375902  0.58113987 -0.14247047 -0.7730372  -0.06543624]
[-0.12612881  1.14549771  0.30865781  0.45809158  0.55602659]
[-0.22138924  0.54978666  0.64969116  0.51996842  0.7143872 ]
[-0.03086838  1.14549771 -0.16579443  0.15895889  0.17059093]
[-0.03086838  0.21308041  0.42436706  0.3704916   0.56365254]
[-0.26901945  1.14549771 -0.08352716  0.23611376  0.23947431]
[-0.07849859  0.1706978   1.18677747  0.63392274  0.99875037]
[-0.22138924  0.54978666 -0.63069394 -0.8433283  -0.48908633]
[-0.22138924 -0.46292214  0.25957257  0.35663529  0.50515933]
[-0.07849859 -0.25312824  0.10079947  0.15999945  0.33172795]
[-0.07849859  0.63488824  0.36836902  0.33812183  0.54157108]
[0.01676183 0.25193113 0.17216479 0.21565547 0.38129479]
[0.20728269 0.74835701 1.47050433 0.76232369 1.11712751]
[-0.26901945 -0.99906209 -0.25990457  0.15203402  0.12209815]
[-0.22138924 -0.46292214 -0.24282725 -0.73613763 -0.11095456]
[-0.22138924  0.54978666 -0.67947859 -1.0499416  -0.61928298]
[-0.26901945 -0.0459244   0.03174324  0.17725475  0.30706437]
[ 0.11202226 -0.0459244   0.89559236  0.62891121  0.84586602]
[-0.07849859  0.1706978  -0.27479304  0.11635644  0.09311288]
[-0.36427988  0.43064445 -0.83250745 -0.96676425 -0.69790832]
[-0.36427988 -0.19485216 -0.52298633 -0.76191013 -0.32280872]
[-0.41191009  0.3795835  -0.74666935 -0.09337338 -0.33031807]
[0.20728269 0.3795835  0.96797213 0.39710445 0.81550462]
[-0.45954031  1.14549771 -1.08158592 -0.99318017 -0.92403844]
[-0.22138924  1.14549771  0.13243391  0.30078705  0.39536382]
[-0.50717052  1.14549771 -1.38872553 -1.19788389 -1.47471319]
[-0.03086838  1.14549771 -0.14805297 -0.63912183 -0.04206754]
[0.20728269 0.74835701 1.67137478 0.76292152 1.18386462]
[-0.17375902  1.14549771  0.46235635  0.48020566  0.6323845 ]
[-0.65006116 -1.77890202 -1.00165937 -0.10932351 -0.5127231 ]
[-0.50717052 -1.71391536 -0.42475337  0.21503273  0.04737886]
[-0.26901945 -0.99906209 -0.56686655 -0.03340613 -0.1660892 ]
[-0.65006116 -0.0459244  -0.75851156 -0.05300715 -0.28175585]
[-0.17375902  0.58113987  0.48598886  0.53032235  0.66012054]
[-0.12612881 -0.31670215  0.35114118  0.32103761  0.51829438]
[-0.12612881 -2.03162792  0.16582841  0.332371    0.42673172]
[-0.17375902  1.14549771 -0.35423497 -0.96881953 -0.310263  ]
[0.20728269 0.74835701 1.39333843 0.64361116 1.06707627]
[-0.17375902  0.58113987 -0.04099416  0.13149066  0.24254251]
[-0.12612881  0.12427876 -0.63913815 -0.85946454 -0.46569463]
[-0.65006116  1.14549771 -1.51205221 -1.15184016 -1.54384035]
[-0.03086838  1.14549771  0.58040528  0.41455902  0.65688291]
[ 0.11202226 -0.0459244   0.69497644  0.37705458  0.69993295]
[ 0.01676183  0.67928906 -0.1134423   0.01318374  0.13008959]
[-0.36427988  0.43064445  0.31065558  0.46410466  0.55452361]
[-0.31664967  1.14549771 -0.75304003 -0.80447075 -0.52894836]
[-0.60243095  1.14549771 -0.64820854  0.00553179 -0.16356507]
[-0.36427988 -0.19485216  0.1941447   0.3470733   0.45298988]
[ 0.06439205  0.69871442 -0.21514045 -0.66931084 -0.09868132]
[-0.31664967  1.14549771 -0.92165748 -0.96909353 -0.76027082]
[ 0.01676183 -0.84020581  0.79470668  0.65491824  0.82561696]
[-0.26901945  1.14549771  0.31294609  0.40334453  0.54873248]
[-0.17375902 -1.53520204 -0.36258735  0.13634098  0.07018891]
[-0.22138924  0.54978666 -0.62126401 -0.86866229 -0.45729791]
[-0.45954031  1.14549771 -1.07026371 -1.03487741 -0.96128271]
[-0.03086838  0.65809776  0.86389766  0.61115867  0.84514405]
[ 0.11202226  0.32066702  0.51437722 -0.34318743  0.48903673]
[-0.26901945  0.51474483 -0.40467548 -0.67398679 -0.20255306]
[-0.07849859 -0.25312824  0.00393059  0.17751607  0.27798898]
[-0.41191009  1.14549771 -1.23943121 -1.04503723 -1.15918806]
[ 0.01676183  1.14549771  0.45642196 -0.45451826  0.43868968]
[0.11202226 0.71658575 0.18860533 0.14824683 0.36432959]
[-0.36427988  1.14549771 -0.73284546 -0.81136131 -0.52215329]
[-0.12612881 -0.7193369   0.49712231  0.51700887  0.66371431]
[-0.41191009  1.14549771  0.2584789   0.50337017  0.55822738]
[-0.17375902  0.07321781  0.4497683   0.32974045  0.56584319]
[0.01676183 0.25193113 0.73066991 0.54654037 0.76568642]
[-0.26901945  1.14549771 -0.2847697   0.09200708  0.08692503]
[-0.45954031 -0.38633072 -0.30970724 -0.71284623 -0.13117498]
[-0.41191009 -2.60748194  0.14851008  0.52261259  0.50025817]
[ 0.11202226 -0.38633072  1.41485217  0.78045223  1.11425273]
[-0.12612881 -2.03162792  0.30290453  0.43066189  0.53321442]
[ 0.06439205  1.14549771  0.41213291 -0.39120701  0.40054135]
[-0.22138924  0.54978666  0.15145683  0.21120934  0.38914558]
[-0.22138924  1.14549771  0.20641371 -0.44482514  0.29181919]
[-0.36427988  1.14549771 -1.11953999 -0.98187967 -0.95176053]
[0.01676183 0.25193113 0.88296443 0.43056085 0.79877617]
[-0.60243095  1.14549771 -1.02234156 -0.11279628 -0.53661979]
[ 0.01676183  0.67928906  0.43885384 -0.57553986  0.3339728 ]
[-0.22138924 -0.46292214 -0.06157546  0.09580838  0.22600874]
[-0.31664967  1.14549771 -0.53351532 -0.70768618 -0.32439154]
[-0.36427988 -1.6762915  -0.60497961  0.05464317 -0.13133887]
[-0.22138924  1.14549771 -0.22854988 -0.66530322 -0.08904566]
[-0.17375902 -0.38633072 -0.13001776 -0.74990089 -0.03629856]
[ 0.01676183 -0.84020581  0.25217274 -0.39344935  0.31688702]
[-0.26901945  1.14549771 -0.50873734 -0.946454   -0.41797732]
[-0.17375902 -0.80410211  0.47858098  0.26833173  0.55998889]
[-0.31664967  0.47532277 -0.38222745  0.07478703  0.01870396]
[-0.17375902  0.58113987  0.12542114  0.21221607  0.37658208]
[ 0.11202226  0.71658575  0.2291969  -0.48124249  0.27786063]
[-0.26901945  0.51474483 -0.86027426 -0.83198645 -0.64692248]
[-0.41191009 -0.28420882 -0.11960969  0.21274622  0.24787203]
[-0.12612881 -0.31670215  0.37919362 -0.52546501  0.35466339]
[-0.36427988  0.43064445 -1.19011337 -1.14155579 -1.20327299]
[-0.07849859 -0.99906209 -0.18175585  0.22265083  0.17245011]
[-0.07849859  0.1706978  -0.34658292 -0.90616674 -0.27705772]
[-0.03086838  0.21308041  0.03965885  0.03526444  0.22861691]
[-0.12612881  0.12427876 -0.50067086 -0.6965812  -0.28414407]
[-0.31664967 -0.11600805  0.40819914  0.52275265  0.63515563]
[-0.17375902  0.07321781  0.84641673  0.47156203  0.79931975]
[-0.41191009  0.3795835  -0.5832416  -0.86193811 -0.4073513 ]
[-0.17375902  1.14549771  0.17775986  0.16687638  0.36913407]
[-0.26901945  1.14549771  0.10889919 -0.3048699   0.30922659]
[-0.26901945  1.14549771 -0.52260003 -0.90420781 -0.40423005]
[-0.03086838 -0.19485216  0.85049045  0.68070765  0.86467594]
[-0.17375902  0.58113987  0.51113514  0.491164    0.65370525]
[-0.07849859 -0.99906209  0.23205758  0.24552677  0.4326652 ]
[-0.22138924 -1.6517542   0.70198215  0.41989766  0.71849532]
[0.2549129  0.40599433 1.48467053 0.68580707 1.10136201]
[-0.31664967 -0.11600805 -0.02474577  0.26768878  0.29046099]
[0.20728269 0.3795835  1.69845243 0.85479702 1.23108661]
[-0.12612881  1.14549771 -0.34529568 -0.74170939 -0.18302393]
[-0.17375902  0.58113987  0.39310338  0.43046544  0.57058666]
[-0.07849859  0.1706978   0.18056012  0.20279789  0.38532518]
[-0.03086838 -0.19485216  0.84676842  0.53367809  0.81516352]
[-0.26901945 -0.99906209  0.26708204  0.46175423  0.52085702]
[-0.03086838  1.14549771  1.00246177  0.56098276  0.87935482]
[-0.17375902  1.14549771 -0.12368237 -0.60913961  0.03674267]
[-0.12612881 -0.31670215  0.58096005  0.28165742  0.62179841]
[ 0.01676183 -0.14123817  0.37015896  0.23083716  0.49530616]
[-0.26901945  1.14549771 -1.1479392  -1.10028999 -1.08104064]
[-0.07849859  1.14549771 -0.40383499 -0.05775408 -0.07654222]
[-0.26901945 -1.40754967 -0.72639292  0.04214278 -0.21613292]
[-0.12612881 -1.42797405  0.63778419  0.39872874  0.6840024 ]
[-0.12612881  1.14549771 -0.60666986 -0.73747664 -0.39711418]
[-0.45954031  1.14549771 -0.82854034 -0.92491097 -0.65877478]
[-0.26901945  1.14549771 -0.71212868 -0.92738783 -0.56705224]
[-0.22138924  1.14549771 -0.64614086 -0.73802183 -0.4211103 ]
[0.20728269 0.3795835  1.42050201 0.75922691 1.10039974]
[0.11202226 1.14549771 0.09982154 0.0434174  0.25982053]
[-0.22138924  1.14549771  0.46358921  0.35520651  0.58314338]
[-0.26901945  0.51474483 -0.6909109  -0.79556205 -0.46213663]
[ 0.01676183 -0.50416367  0.97993673  0.61829832  0.89474309]
[-0.31664967 -1.11193366  0.18694329 -0.45455915  0.28193912]
[-0.03086838  1.14549771 -0.46001827 -0.6528832  -0.24206038]
[-0.17375902  0.07321781 -0.10284362  0.20375808  0.25018571]
[-0.26901945  1.14549771  0.61423197  0.49835911  0.70487709]
[0.01676183 0.67928906 0.48554298 0.25893001 0.55162514]
[-0.41191009  1.14549771 -0.99770411 -0.88104377 -0.80045716]
[-0.12612881 -0.31670215  0.18223905 -0.69437882  0.17468879]
[-0.12612881  1.14549771 -0.02478077 -0.60737103  0.07714346]
[-0.41191009 -0.28420882 -0.64237178 -0.05841583 -0.22092868]
[-0.26901945 -1.40754967 -0.07803767  0.37758426  0.32226445]
[-0.17375902  0.07321781 -0.04823586  0.15970994  0.23689682]
[-0.17375902  1.14549771  0.60214306  0.62492897  0.74115195]
[-0.31664967  1.14549771 -0.49540019 -0.80875238 -0.35412513]
[-0.03086838  0.65809776  1.18738263  0.73877144  1.02059528]
[-0.17375902 -1.18554555 -0.18432105  0.08694573  0.13214566]
[-0.31664967  1.14549771  0.16173409  0.19975939  0.38858707]
[0.01676183 0.67928906 0.3965558  0.19704706 0.48758541]
[-0.22138924  0.54978666 -0.10508109  0.05411724  0.18225257]
[-0.17375902  0.07321781 -0.1033179   0.11648428  0.19440648]
[-0.31664967  1.14549771 -1.08261933 -1.05388625 -1.00880159]
[0.11202226 0.71658575 1.15526013 0.56641352 0.92634677]
[ 0.11202226  1.14549771  1.24552988 -0.26812967  0.85390132]
[-0.03086838 -0.91657902  0.70907224  0.64918245  0.78927793]
[-0.50717052  1.14549771 -1.3547651  -0.9133877  -1.16960799]
[-0.07849859  0.1706978   0.18499823 -0.51852322  0.22608517]
[-0.36427988 -0.74676094  0.27842017  0.36629833  0.50724967]
[-0.07849859 -1.63448722  1.05777865  0.7065765   0.95840199]
[ 0.15965248 -0.92988274  1.64288377  0.8539092   1.20498421]
[-0.12612881  0.12427876  0.1850906   0.17983689  0.38207029]
[-0.22138924  1.14549771  0.20641371 -0.44482514  0.29181919]
[-0.17375902 -0.38633072  0.57418065  0.37681065  0.65930575]
[-0.36427988  0.43064445 -0.04174299 -0.48877036  0.13273878]
[-3.16649665e-01 -1.16008053e-01 -6.29718537e-01 -8.08541639e-05 -1.62878897e-01]
[-0.07849859  1.14549771 -0.71319609 -0.09729641 -0.31884834]
[ 0.01676183  0.67928906 -0.88272291 -0.88268874 -0.7225569 ]
[-0.55480074  1.14549771 -1.25740572 -1.08302201 -1.16926119]
[ 0.01676183  0.25193113  0.51158434 -0.40285201  0.45984647]
[-0.45954031  1.14549771 -0.5754769  -0.02670639 -0.1460919 ]
[-0.12612881  1.14549771  0.56835206 -0.37716317  0.50724188]
[-0.07849859 -0.64163546 -0.05771057  0.17986603  0.23752786]
[-0.12612881  0.12427876  0.29532729  0.46470249  0.54790066]
[-0.36427988 -0.19485216 -1.15312835 -1.01962193 -1.03446554]
[-0.55480074  1.14549771 -1.83806702 -1.22958487 -2.15273823]
[-0.17375902  0.07321781 -0.67400891 -0.81354019 -0.48191394]
[-0.12612881  0.12427876  0.69725521  0.37572356  0.70432176]
[ 0.06439205 -0.4430651   0.92107436  0.38683887  0.79515263]
[0.01676183 1.14549771 0.74579249 0.54180708 0.77269618]
[ 0.20728269 -0.583986    0.78030962 -0.47370476  0.56493704]
[-0.07849859 -1.63448722  0.83482648  0.36425246  0.75507789]
[0.01676183 0.67928906 0.14253135 0.17345909 0.35104452]
[-0.45954031 -0.99906209 -0.4320057  -0.72673779 -0.21261328]
[ 0.06439205  0.28767379  0.96536704 -0.14388392  0.75489896]
[0.01676183 0.25193113 1.42222459 0.73574845 1.11024205]
[ 0.20728269 -0.28420882  1.53553172  0.64089226  1.11986383]
[-0.31664967  1.14549771 -0.45649955  0.12269382  0.01268145]
[-0.12612881  0.12427876  0.31029912  0.45359658  0.55140134]
[-0.12612881 -0.31670215  0.16820677  0.19593694  0.38159645]
[ 0.01676183 -0.14123817 -0.17679131 -0.77646814 -0.096293  ]
[-0.07849859 -0.99906209  0.67995497  0.50658492  0.71655172]
[-0.50717052  1.14549771 -0.04781227  0.28341895  0.31220811]
[-0.55480074  1.14549771 -0.25957889  0.02431879  0.08185136]
[-0.17375902  0.07321781 -0.46605956 -0.76060167 -0.28632967]
[-0.36427988 -0.74676094 -0.10516472  0.13154753  0.20451288]
[-0.45954031  1.14549771 -0.86285959 -0.10635363 -0.42058984]
[-0.45954031  0.32066702 -1.10201767 -0.11457755 -0.59378072]
[-0.31664967  1.14549771 -0.70494199 -0.88024196 -0.49295733]
[ 0.15965248  0.3512163   1.69731102 -0.02150357  1.09803177]
[-0.17375902  1.14549771 -0.03022349 -0.51411798  0.11585381]
[0.2549129  0.76254061 1.34985134 0.80861981 1.08973673]
[-0.12612881  1.14549771 -0.02504033 -0.48490655  0.14136899]
[-0.45954031  1.14549771 -0.17963142  0.13424999  0.17622151]
[-0.45954031  1.14549771 -0.57876301 -0.81809253 -0.40715229]
[ 0.01676183 -0.14123817  0.40375488  0.2047963   0.48295492]
[-0.50717052  1.14549771 -0.74590968 -0.05575426 -0.28184577]
[-0.50717052  1.14549771 -1.87010194 -1.22988002 -2.19690694]
[-0.03086838  0.65809776  0.63074438  0.48553725  0.70202108]
[-0.45954031  1.14549771 -0.44969596  0.2133135   0.0315682 ]
[ 0.20728269 -0.28420882  1.25848021  0.64322906  1.00743853]
[0.01676183 0.25193113 0.83773889 0.34855377 0.77129585]
[0.01676183 1.14549771 0.92909221 0.57259815 0.86172195]
[ 0.06439205  0.69871442  0.91049945 -0.37923631  0.6633861 ]
[-0.41191009  1.14549771 -0.62410518 -0.78341697 -0.39354478]
[ 0.01676183 -0.50416367  1.26920746  0.61946108  1.02226211]
[-0.03086838 -0.19485216  0.10675301  0.06020317  0.27477896]
[-0.17375902 -1.18554555 -0.13075892  0.13387493  0.19726564]
[-0.31664967  1.14549771  0.0883759   0.23577396  0.36362875]
[-0.17375902 -0.80410211 -1.04826869 -0.88432996 -0.85631814]
[-0.12612881 -0.31670215  0.86659779  0.61544876  0.85328526]
[-0.17375902 -1.53520204  0.10346095  0.19102552  0.3525021 ]
[0.01676183 0.25193113 0.59919369 0.47886336 0.68672756]
[ 0.06439205  0.28767379 -0.49865808 -0.08966937 -0.17852966]
[-0.31664967  1.14549771 -1.59411176 -1.20726776 -1.74830058]
[-0.03086838 -0.19485216  0.90601772  0.55313812  0.84472606]
[-0.03086838  0.21308041  0.70595031  0.59361056  0.77457327]
[-0.50717052  1.14549771 -0.21458508  0.18683507  0.17841653]
[-0.55480074 -0.64163546 -0.70420246 -0.03587594 -0.24379047]
[-0.41191009 -0.28420882 -0.09801847 -0.46358911  0.11271643]
[0.11202226 1.14549771 0.93782478 0.48243577 0.84509373]
[-0.03086838 -0.19485216 -0.20518458 -0.69921128 -0.07868328]
[-0.03086838  0.65809776 -0.14316336 -0.55140764  0.03210934]
[ 0.2549129  -0.23808926  1.08386374  0.48481205  0.89831663]
[-0.31664967 -0.11600805  0.13686564  0.30814666  0.42178294]
[ 0.11202226 -0.38633072  0.79830507 -0.24720561  0.65437066]
[0.06439205 0.28767379 0.57395437 0.25475037 0.59891791]
[-0.17375902 -1.18554555 -0.14772831 -0.81191214 -0.08676621]
[-0.26901945  1.14549771 -0.43439594 -0.87519519 -0.32409482]
[0.01676183 0.67928906 0.14362053 0.07162963 0.3085542 ]
[-0.03086838 -1.53520204  1.27114063  0.66157897  1.02849451]
[-0.36427988 -1.6762915  -0.83789317 -0.84872193 -0.62786385]
[-0.65006116  1.14549771 -1.37958578 -1.19598089 -1.46264674]
[-0.31664967 -0.64163546 -0.23521996  0.08064596  0.10455931]
[-0.45954031  0.32066702 -0.63610929 -0.07328309 -0.22808085]
[-0.22138924  1.14549771  0.13932864 -0.64938411  0.18316044]
[-0.26901945 -0.0459244   0.27476277 -0.43627974  0.33835138]
[-0.31664967  0.47532277 -0.65193883 -0.92183534 -0.49198139]
[-0.17375902 -0.38633072  0.31166504  0.4188289   0.52360194]
[-0.65006116  1.14549771 -1.87711287 -1.22989647 -2.20502704]
[-0.55480074  1.14549771 -0.89492031 -0.83189339 -0.63186885]
[-0.22138924  1.14549771 -0.25986302  0.00929596  0.06218446]
[-0.17375902  0.58113987  0.92536005  0.53061045  0.84042567]
[-0.45954031 -3.44998758 -0.72786714 -0.7944961  -0.47779593]
[ 0.01676183  0.25193113 -0.19852053 -0.6689278  -0.09009909]
[-0.50717052 -0.50416367 -0.34395846  0.25934783  0.13426356]
[-0.41191009  1.14549771 -0.56520218 -0.64149717 -0.28664856]
[-0.12612881 -2.03162792  0.63170755  0.53033597  0.71863022]
[-0.22138924  1.14549771 -1.32625455 -1.1623473  -1.35011234]
[-0.07849859  1.14549771 -0.01784511  0.14255381  0.25541917]
[0.06439205 0.28767379 1.44841223 0.79263396 1.1299584 ]
[0.01676183 0.25193113 0.63213999 0.34580338 0.66956634]
[0.01676183 0.25193113 0.41681733 0.41271712 0.56308284]
[-0.07849859  0.1706978  -0.25530528 -0.67075325 -0.10065907]
[-0.03086838  0.21308041  0.3883778   0.39872545  0.5607954 ]
[-0.22138924  0.54978666 -0.54824997 -0.66949085 -0.29067409]
[-0.65006116 -0.0459244  -1.1467418  -0.89694878 -0.94270786]
[-0.69769138  1.14549771 -1.35028623 -1.11318047 -1.29548456]
[-0.55480074  1.14549771 -0.93827157 -0.92866809 -0.72383212]
[-0.26901945 -0.0459244   0.37209951  0.51167493  0.60942286]
[-0.26901945 -0.54757582 -0.3041052  -0.63387295 -0.08639908]
[-0.31664967  1.14549771 -0.81060427 -0.09723531 -0.37336362]
[-0.60243095  1.14549771 -1.47102528 -1.0519762  -1.3953493 ]
[-0.03086838  1.14549771  0.48173037  0.5123818   0.65112806]
[-0.17375902  0.58113987 -0.43404049 -0.01321432 -0.05708073]
[-0.26901945  1.14549771 -0.1113663  -0.56786066  0.07334005]
[-0.22138924  1.14549771 -0.23874534  0.14787036  0.14328907]
[ 0.01676183 -0.84020581  0.82855073 -0.14204014  0.70198732]
[-0.17375902  0.58113987  0.14562798  0.31465041  0.40621147]
[ 0.06439205  1.14549771  0.28388258 -0.65622767  0.26202736]
[-0.03086838 -0.19485216 -0.44846095 -0.83687155 -0.30741887]
[-0.17375902  1.14549771 -0.16023428  0.03458437  0.12764208]
[-0.36427988  1.14549771 -0.10925978  0.2252983   0.25764161]
[ 0.01676183 -0.14123817  0.01958439  0.32510633  0.34713464]
[ 0.06439205 -0.09174833  0.51072516  0.26138243  0.56856487]
[-0.65006116  1.14549771 -1.58843976 -1.21047592 -1.74073358]
[ 0.15965248 -0.00337361  0.38167479 -0.65740218  0.28054856]
[-0.55480074  1.14549771 -0.85652487 -0.8595999  -0.65305784]
[-0.03086838  0.21308041 -0.2171634  -0.62358999 -0.05123429]
[-0.07849859  0.1706978   0.88585555  0.53983828  0.83343582]
[-0.03086838 -0.19485216 -0.20763925 -0.83114892 -0.15039077]
[-0.17375902  0.58113987  0.09217399 -0.65427626  0.13503878]
[-0.03086838 -1.53520204  0.71863127  0.41238906  0.71385928]
[ 0.06439205 -1.07301243  0.64229658  0.40886083  0.68557547]
[ 0.01676183 -0.14123817  0.18942937  0.26871102  0.38433198]
[ 0.06439205  0.28767379 -0.63438481 -0.95586701 -0.52839715]
[ 0.06439205  0.69871442  0.27912532 -0.67387635  0.23799305]
[0.15965248 0.73308237 0.88887034 0.40088412 0.76514881]
[ 0.06439205 -0.09174833  1.729018    0.89884893  1.27729699]
[0.11202226 0.32066702 0.66714922 0.39707672 0.69890193]
[-0.55480074 -0.64163546 -0.00695807  0.30821434  0.34420633]
[-0.69769138 -2.07134199 -1.13019092 -1.07409075 -1.0290237 ]
[-0.26901945  0.51474483 -0.63159557 -0.97291128 -0.54348371]
[-0.31664967  1.14549771  0.06743038  0.26512686  0.36730447]
[ 0.01676183 -0.50416367 -0.12807867  0.10224727  0.16283516]
[-0.07849859  0.1706978   0.99298713  0.60703636  0.89962996]
[-0.22138924 -0.46292214  0.06549399 -0.47524539  0.20686138]
[-0.07849859  1.14549771  0.03226143  0.21413833  0.32150543]
[-0.55480074  0.1706978  -0.32540513 -0.59845105 -0.09300168]
[-0.22138924 -1.6517542  -0.08394842  0.22356732  0.2731597 ]
[0.11202226 1.14549771 0.91585321 0.67518148 0.893347  ]
[-0.07849859  0.1706978   0.22579167  0.40569073  0.47903024]
[-0.17375902 -0.38633072 -0.65753942 -0.99926375 -0.54996018]
[-0.22138924  1.14549771 -0.09463114 -0.75318989 -0.03611011]
[-0.26901945 -0.54757582  0.21257065 -0.37494199  0.33138462]
[0.15965248 0.73308237 1.07229087 0.56098605 0.91217054]
[-0.50717052  0.25193113 -0.85196228 -0.92307518 -0.67394991]
[-0.26901945 -0.0459244  -0.85797731 -0.98160896 -0.72286508]
[-0.50717052  0.25193113 -1.32392951 -1.15666604 -1.32461654]
[-0.26901945  0.51474483  0.5261733   0.49637856  0.6574049 ]
[ 0.06439205  0.28767379  1.27181179 -0.16066969  0.88585144]
[0.06439205 1.14549771 0.87000787 0.52643504 0.81603121]
[-0.17375902 -0.80410211 -0.11800924  0.02161352  0.14137773]
[-0.45954031 -0.99906209  0.20505509  0.32204151  0.46549573]
[ 0.06439205  1.14549771  0.42079236 -0.53865299  0.36780238]
[-0.07849859  1.14549771  0.16196317 -0.66102347  0.18898124]
[-0.50717052  1.14549771 -0.67546435  0.04349495 -0.18337901]
[-0.50717052  1.14549771 -0.57917731  0.20212439 -0.05422981]
[0.06439205 0.28767379 0.44537745 0.25981312 0.53847131]
[-0.50717052  1.14549771 -0.30758142  0.00344644  0.03273961]
[-0.03086838  1.14549771 -0.85839946 -0.9545797  -0.70271258]
[-0.17375902  0.58113987  0.00380287  0.04625427  0.22889032]
[-0.36427988  1.14549771 -0.70988011 -1.0239421  -0.61585627]
[-0.65006116  1.14549771 -1.44790065 -1.0516035  -1.37087595]
[-0.31664967 -1.11193366 -0.15542936 -0.64573697 -0.01498116]
[-0.17375902  1.14549771 -0.6294432  -0.96605409 -0.52359266]
[-0.07849859 -0.64163546  0.70254765  0.22476486  0.64352805]
[-0.03086838  0.65809776  0.25179435  0.42078219  0.50616656]
[-0.07849859  1.14549771  1.31436072  0.77958886  1.09051302]
[-0.55480074  1.14549771 -0.01288733  0.35986226  0.37014742]
[-0.22138924  0.01678203 -0.05769764 -0.56226681  0.07411728]
[0.01676183 0.25193113 0.19678974 0.25445662 0.41595704]
[-0.31664967  0.47532277 -0.0086619   0.12229056  0.27091171]
[-0.26901945  0.51474483 -0.09609086  0.07001755  0.19877255]
[-0.31664967  1.14549771  0.0300669  -0.51778157  0.18166929]
[-0.31664967  0.47532277 -0.95379255 -1.01956788 -0.84154445]
[-0.07849859  1.14549771  0.27173067  0.3182623   0.46202348]
[ 0.01676183  1.14549771 -0.40321905 -0.92231708 -0.3306253 ]
[-0.26901945 -0.54757582 -0.01704689  0.27180451  0.30082674]
[ 0.11202226 -0.99906209  0.82598845  0.38881237  0.75487647]
[-0.45954031  1.14549771  0.18602481  0.43679905  0.48561294]
[-0.17375902  0.07321781  0.69135849  0.42903995  0.72683876]
[-0.03086838  0.21308041  0.04555268  0.25251132  0.3123065 ]
[-0.12612881 -0.31670215  0.76611408  0.42521139  0.75064932]
[-0.07849859 -0.25312824 -0.11506245  0.14025508  0.20191294]
[-0.12612881 -0.31670215 -0.0078052   0.22883029  0.30372769]
[-0.26901945  1.14549771 -0.45038028  0.02773517 -0.0419898 ]
[-0.17375902  1.14549771 -0.33993923  0.09265285  0.05462604]
[-0.41191009  1.14549771 -1.33011691 -1.14742505 -1.34643644]
[ 0.11202226 -0.70326074  1.01533957  0.44470573  0.85893576]
[-0.41191009  1.14549771  0.40038947  0.26604522  0.54433297]
[-0.31664967  1.14549771 -0.19318199  0.2900529   0.22707402]
[ 0.11202226 -0.0459244   1.04785222  0.66314122  0.92501661]
[0.15965248 0.73308237 1.78862057 0.8524903  1.26163419]
[-0.22138924 -1.29150206 -0.12234506  0.1166939   0.18546249]
[-0.50717052  1.14549771 -0.277273   -0.54313907 -0.03717951]
[-0.65006116  1.14549771 -1.45869943 -1.16670084 -1.4963594 ]
[-0.07849859  0.1706978  -0.58364621 -0.78766242 -0.39989607]
[ 0.01676183 -0.50416367  0.34606595  0.33978513  0.52488437]
[0.11202226 0.71658575 1.08201319 0.70486103 0.96211234]
[-0.50717052 -1.71391536 -0.56244391  0.05218182 -0.10447718]
[-0.17375902  1.14549771 -1.18446829 -1.05121575 -1.09954884]
[0.06439205 0.28767379 0.08559879 0.07813714 0.28747612]
[-0.55480074  1.14549771 -0.85419432 -0.74884293 -0.57132995]
[0.01676183 1.14549771 0.86591832 0.65557576 0.871355  ]
[0.01676183 0.67928906 0.51487639 0.27754781 0.59055802]
[-0.41191009 -1.37751382 -0.2014799  -0.62551837 -0.03977026]
[-0.12612881  0.12427876 -0.22725288  0.12273847  0.12888316]
[ 0.11202226 -0.38633072  0.98179799  0.50715314  0.84507656]
[0.01676183 0.67928906 1.32780669 0.86403425 1.10691113]
[-0.22138924  0.01678203 -0.34932423 -0.7273798  -0.15609146]
[-0.31664967  1.14549771  0.08712564  0.27987474  0.39450677]
[-0.12612881  0.12427876  0.03397535 -0.47167345  0.17340554]
[-0.03086838  0.21308041  0.38533677  0.27035787  0.51245328]
[-0.03086838 -1.53520204  0.36835072  0.25316085  0.49606281]
[ 0.01676183 -0.50416367  0.74638489  0.55637778  0.7859542 ]
[-0.12612881  0.12427876  0.21992382  0.32066302  0.4450981 ]
[-0.26901945 -2.42876862 -0.01559455  0.28017366  0.30833526]
[ 0.06439205 -0.09174833  0.53595719 -0.2901098   0.50521815]
[-0.36427988  0.43064445  0.16787603  0.45999129  0.47626895]
[-0.07849859 -0.64163546  0.21671333  0.2900529   0.43060645]
[0.30254312 0.43064445 1.26997584 0.80178471 1.07459452]
[0.01676183 1.14549771 0.03121679 0.12664316 0.27433284]
[0.20728269 0.3795835  0.82817956 0.4553473  0.78366214]
[-0.45954031 -1.53520204 -0.61947908 -0.05948553 -0.204265  ]
[-0.17375902  0.58113987 -0.63115968 -0.9006354  -0.46346127]
[-0.12612881  0.60935776  0.6356847   0.4252692   0.69705632]
[ 0.15965248  0.3512163  -0.13876577 -0.6181926  -0.00518179]
[0.06439205 0.69871442 0.79307729 0.61489181 0.8139517 ]
[-0.41191009 -0.28420882 -0.21906349 -0.71369879 -0.07759825]
[-0.36427988 -0.19485216 -1.19849419 -1.05446387 -1.10995178]
[-0.60243095  1.14549771 -1.28764487 -1.1418077  -1.28389291]
[-0.07849859  1.14549771  0.56730723  0.2523708   0.59912496]
[ 0.06439205 -0.4430651   0.19304908 -0.46877219  0.24766817]
[-0.12612881  1.14549771  0.41879969  0.34509322  0.56582049]
[0.20728269 0.3795835  0.63572962 0.27944188 0.62993046]
[-0.07849859  1.14549771 -0.41000228 -0.78636477 -0.27250038]
[-0.45954031  1.14549771 -0.70251561 -0.86642842 -0.50908255]
[-0.41191009 -1.83305757  0.09161108  0.22329895  0.37350035]
[-0.22138924  0.01678203  0.33801201  0.46109953  0.56840129]
[-7.84985947e-02  1.70697803e-01 -3.75820977e-01 -1.31143337e-04 -1.51743368e-02]
[-0.55480074  1.14549771 -0.70075008 -0.8054253  -0.46895516]
[0.15965248 1.14549771 0.36754114 0.23851871 0.47190677]
[-0.07849859  0.63488824  0.66620409  0.55549983  0.73981385]
[0.06439205 0.28767379 0.52887661 0.34822948 0.61031733]
[-0.41191009  1.14549771 -1.10122034 -1.01726821 -0.9637672 ]
[ 0.15965248 -0.00337361  1.03791438  0.51212988  0.87081897]
[-0.12612881  0.60935776 -0.68530231 -0.86233902 -0.50375799]
[ 0.11202226  0.71658575  0.29546147 -0.67827312  0.23621704]
[ 0.06439205  1.14549771  0.3784988  -0.37365656  0.40379062]
[ 0.15965248  0.73308237  0.06801205 -0.6980551   0.08797414]
[0.11202226 0.71658575 0.87261968 0.58476155 0.85173526]
[-0.36427988 -1.6762915  -0.04083247  0.17759455  0.26370802]
[-0.26901945  0.51474483  0.01558311  0.3192037   0.35087538]
[-0.22138924 -0.89694019 -0.47533793  0.07652131 -0.04387889]
[ 0.15965248 -1.45396871  1.12978318  0.45945362  0.9075176 ]
[-0.31664967  0.47532277 -1.04208126 -0.89612159 -0.86606807]
[ 0.06439205 -0.4430651   0.81920392  0.59938395  0.82206827]
[-0.26901945 -0.54757582 -0.4862356   0.01852567 -0.05627946]
[ 0.01676183 -0.14123817  0.25266783  0.14881505  0.39197514]
[-0.07849859  1.14549771 -0.6556292  -0.97045839 -0.55985625]
[0.06439205 0.69871442 0.75770076 0.38834003 0.73020242]
[-0.31664967  1.14549771 -0.20831104 -0.7251337  -0.06248144]
[-0.07849859  0.63488824 -0.66068341 -0.82967831 -0.48199766]
[-0.45954031 -2.42876862  0.56153946  0.5069642   0.69600201]
[0.30254312 1.14549771 1.49608539 0.85880793 1.14554832]
[-0.03086838  1.14549771  0.90819711  0.45724466  0.81962421]
[-0.26901945 -0.0459244  -0.52263332 -0.89307557 -0.36983311]
[-0.03086838  1.14549771 -0.0038799  -0.52423598  0.12438082]
[ 0.06439205 -0.09174833  1.01046665  0.51052439  0.89011395]
[-0.31664967  0.47532277  0.27495759  0.16791788  0.44204552]
[-0.12612881  0.60935776  0.55348911  0.34236069  0.62488515]
[-0.41191009  1.14549771 -0.98773465 -0.99514097 -0.8486476 ]
[ 0.11202226 -0.0459244   0.46715373 -0.39994041  0.43199542]
[0.06439205 0.28767379 0.54137016 0.36119657 0.60987633]
[-0.07849859  0.1706978  -0.46919133 -0.02703021 -0.10491135]
[0.01676183 0.25193113 1.29368808 0.77076428 1.07566572]
[-0.26901945 -0.54757582  0.44746095  0.35828214  0.56964967]
[-0.03086838  0.65809776  1.3725638   0.78098003  1.10540358]
[-0.60243095  1.14549771 -0.49150344 -0.84172986 -0.31328284]
[-0.41191009  1.14549771 -1.61330141 -1.21411554 -1.79562324]
[ 0.15965248  0.3512163   0.76575072 -0.45799151  0.57112819]
[0.01676183 0.25193113 0.72186169 0.49845687 0.7432493 ]
[-0.22138924  0.01678203  0.38917451  0.37421347  0.56622537]
[ 0.15965248  1.14549771  1.06005763 -0.39272556  0.70750881]
[0.11202226 1.14549771 0.90567706 0.42391562 0.79411755]
[-0.07849859  0.63488824 -0.55187724 -0.08354396 -0.20453415]
[0.01676183 1.14549771 0.54931897 0.4450493  0.63380428]
[-0.07849859  0.1706978   0.57714049 -0.32721287  0.53081923]
[-0.74532159 -0.38633072 -1.64216816 -1.21858141 -1.82996361]
[-0.26901945 -0.54757582 -0.22206191 -0.7736261  -0.10379134]
[-0.22138924  1.14549771  0.25346886  0.22642534  0.44803878]
[-0.31664967  0.47532277  0.05209675 -0.64497464  0.13137791]
[-0.41191009  1.14549771 -0.35796311 -0.6226345  -0.13561071]
[-0.26901945 -0.0459244  -0.41695447 -0.76596099 -0.21827179]
[0.11202226 1.14549771 0.87808026 0.47090733 0.81415151]
[-0.03086838 -0.57015013  0.328583    0.43633094  0.5471957 ]
[-0.22138924  1.14549771 -0.69581169 -0.09696929 -0.30159676]
[ 0.01676183  0.67928906  0.42798396 -0.59745372  0.35260875]
[-0.03086838  0.65809776  0.43796219  0.37678574  0.5725003 ]
[ 0.06439205 -0.4430651   1.2689364   0.61771318  1.00014913]
[-0.07849859  1.14549771 -0.12071691 -0.74420411 -0.0479195 ]
[ 0.11202226 -0.0459244   0.85689464  0.3389805   0.75312285]
[-0.36427988  0.43064445  0.02403348 -0.66184031  0.10306772]
[-0.17375902 -3.35115994  0.13641438  0.24094152  0.390837  ]
[-0.60243095  1.14549771 -1.06043684 -1.01459677 -0.91497384]
[ 0.06439205  0.69871442 -0.30013396 -0.90899703 -0.25441114]
[-0.12612881  1.14549771  0.78168513  0.61495714  0.81334651]
[-0.17375902 -0.38633072  0.78764945  0.54914883  0.8114113 ]
[-0.26901945  0.51474483 -0.16344632  0.23370505  0.22112218]
[-0.07849859 -2.1822675   1.0474554   0.64489189  0.93568548]
[-0.22138924  1.14549771 -0.72091053 -0.86703471 -0.52953686]
[-0.65006116 -0.0459244  -0.91913006 -0.74867139 -0.61434011]
[0.11202226 0.71658575 0.65738057 0.30482945 0.65320394]
[0.06439205 0.28767379 1.41874699 0.81271673 1.12938142]
[ 0.30254312 -0.19485216  1.14331396  0.44804409  0.91238744]
[ 0.01676183  0.67928906 -0.00768861  0.19500918  0.28563821]
[-0.55480074  0.1706978  -0.75086196 -0.03637789 -0.27097029]
[-0.45954031 -0.38633072 -0.52829176  0.09189663 -0.04675998]
[-0.45954031 -0.99906209 -0.59933568 -0.75542283 -0.34441719]
[-0.31664967 -0.64163546 -0.09144344 -0.43325863  0.14829392]
[ 0.06439205 -1.87028951  1.2762776   0.74314566  1.04368763]
[0.06439205 0.28767379 0.38133113 0.2551696  0.49481225]
[-0.07849859 -1.32899437  0.15835135 -0.40997521  0.27444068]
[-0.26901945  1.14549771  0.31968255  0.47636911  0.57063365]
[-0.60243095  1.14549771 -0.40475864 -0.72658034 -0.19641325]
[-0.36427988 -0.19485216 -0.57567319 -0.85595182 -0.4138678 ]
[ 0.06439205 -0.09174833  1.48744115  0.73848145  1.12483017]
[-0.36427988  1.14549771  0.8541607   0.67144504  0.87874375]
[0.20728269 1.14549771 0.47314757 0.21991971 0.51912031]
[-0.26901945  0.51474483 -0.5769388  -0.76062564 -0.35437369]
[-0.45954031  0.32066702 -0.40601153  0.1227145   0.02547135]
[-0.22138924 -0.89694019  0.58336771  0.59905778  0.7264503 ]
[-0.22138924 -0.46292214 -0.04887576 -0.4325433   0.16848624]
[-0.26901945 -0.0459244  -0.70325322 -0.08124852 -0.28486106]
[0.11202226 0.32066702 0.03051785 0.19265499 0.30922702]
[ 0.11202226  0.71658575  0.2502677  -0.54647037  0.24213738]
[ 0.11202226 -0.99906209  0.75390662  0.4028642   0.72618712]
[ 0.11202226 -0.0459244   0.84731055  0.3613902   0.76100503]
[-0.55480074  1.14549771 -0.98627423 -0.98575711 -0.82411336]
[ 0.01676183 -0.50416367 -0.00129105 -0.72276353  0.03729157]
[-0.50717052  0.25193113 -0.39801526  0.07870959  0.04324083]
[-0.36427988  0.43064445 -0.25891329 -0.64969383 -0.08799687]
[-0.03086838 -0.19485216  0.01211219  0.00893454  0.19839771]
[0.01676183 1.14549771 0.98253654 0.46724374 0.85551899]
[-0.36427988  1.14549771 -0.13466371  0.32422415  0.28368436]
[-0.60243095  1.14549771 -1.14257572 -0.11511381 -0.62093844]
[-0.50717052 -2.20537698 -0.93596189 -0.88900356 -0.71791574]
[-0.03086838  0.21308041  0.14322153 -0.66959801  0.15184659]
[-0.03086838  0.65809776  0.17904935  0.26857754  0.38993718]
[-0.55480074 -2.87555192 -1.16139681 -1.01418412 -1.01483493]
[ 0.06439205 -0.76928782  0.9070154   0.42087759  0.79829408]
[-0.55480074  1.14549771 -0.86900367 -0.1031511  -0.41834982]
[-0.41191009  1.14549771 -0.71213268 -0.05694663 -0.26252441]
[-0.22138924  0.54978666  0.24708855  0.26505448  0.46945682]
[-0.26901945 -0.99906209  0.08337058 -0.54302439  0.19121632]
[-0.45954031  0.32066702 -0.18150095  0.25127007  0.21094264]
[0.11202226 0.32066702 1.41213609 0.86722738 1.1363063 ]
[-0.50717052  1.14549771 -0.45871394 -0.77551499 -0.26568151]
[-0.03086838 -0.57015013  0.33808222 -0.31436375  0.4122786 ]
[-0.69769138  1.14549771 -1.46601179 -1.20058729 -1.56112979]
[-0.22138924 -0.46292214 -0.56731139 -0.80826547 -0.39245043]
[-0.50717052  1.14549771 -0.68252552 -0.89963102 -0.51541188]
[-0.07849859  1.14549771 -0.78930726 -1.01201558 -0.72100493]
[-0.55480074  0.1706978  -0.69289368 -0.04747628 -0.24107089]
[-0.03086838  1.14549771  0.17219038 -0.62824527  0.18930755]
[-0.22138924 -0.46292214  0.2659728   0.41567807  0.50494903]
[-0.12612881 -1.08841875 -0.15744596 -0.73957892 -0.05703458]
[-0.22138924  0.54978666 -0.34052639 -0.74175733 -0.16843463]
[-0.07849859  0.63488824  0.38799483  0.32011266  0.51451485]
[-0.12612881  0.60935776  0.79797269  0.69614784  0.85142976]
[-0.36427988  0.43064445  0.38773954  0.47291608  0.59651901]
[-0.45954031  1.14549771 -0.84298792 -0.84523553 -0.62947911]
[ 0.11202226 -0.0459244   0.90037647 -0.31817209  0.691716  ]
[0.06439205 0.28767379 0.69245677 0.5835532  0.75988657]
[-0.07849859  0.1706978   0.61694813 -0.27432182  0.56772836]
[0.11202226 0.32066702 1.23504833 0.57448329 0.97296376]
[-0.17375902  1.14549771 -0.38186679 -0.77677551 -0.22034922]
[-0.03086838 -0.57015013  0.26119623  0.18357709  0.4110685 ]
[ 0.11202226 -0.0459244   0.89519086 -0.19653433  0.71763572]
[-0.45954031  0.32066702 -0.39227806 -0.84365964 -0.25794198]
[-0.07849859 -0.25312824 -0.55660122 -0.06045465 -0.18178001]
[ 0.35017333 -0.1542355   2.76800684  1.04712914  1.60819849]
[-0.55480074  1.14549771 -0.89133916 -0.7505523  -0.60075789]
[-0.17375902  0.58113987 -0.65787582 -0.99047677 -0.5834936 ]
[-0.26901945  1.14549771 -0.14399634  0.15061183  0.20194413]
[-0.03086838  0.65809776  1.02646176  0.5594661   0.89476292]
[-0.41191009  1.14549771 -1.02831728 -1.0108984  -0.90139315]
[-0.36427988  1.14549771 -0.69142222 -0.08390492 -0.27856566]
[ 0.01676183  0.67928906 -0.24627589 -0.78567106 -0.13921887]
[ 0.20728269 -0.28420882  1.1879789   0.56958127  0.96815755]
[-0.22138924  1.14549771 -0.38363864 -0.04696775 -0.05794951]
[ 0.11202226 -0.70326074  0.70775689  0.3795648   0.70710555]
[-0.31664967  0.47532277  0.47382244  0.30800425  0.58721853]
[-0.07849859 -1.63448722  0.12130752  0.0681451   0.29823284]
[-0.50717052 -3.02447968 -0.61313414 -0.77130715 -0.36859078]
[-0.60243095 -2.15382506 -0.51316362 -0.64695331 -0.24124254]
[-0.45954031  0.32066702 -0.95000626 -0.10315251 -0.47041039]
[-0.17375902  0.58113987  0.47823538 -0.37740616  0.45771852]
[-0.31664967  1.14549771 -0.28916178  0.15508803  0.1096107 ]
[-0.26901945  0.51474483 -0.10660558  0.0824277   0.19521584]
[-0.50717052  1.14549771 -0.69471954 -0.06334698 -0.25954358]
[-0.03086838  0.21308041  0.88571123  0.567103    0.83717224]
[-0.22138924  1.14549771 -0.23208535 -0.55213237 -0.02270776]
[-0.31664967  1.14549771 -0.27749843  0.11728045  0.11045778]
[-0.36427988  1.14549771  0.31348942  0.46520492  0.56351634]
[-0.03086838  0.21308041  0.81778345  0.54470693  0.80213095]
[-0.45954031 -3.98279747 -1.07982496 -0.88807391 -0.83643616]
[ 0.2549129   0.07321781  0.9505335  -0.46642975  0.63652692]
[-0.22138924  0.01678203 -1.52361152 -1.20795018 -1.67723303]
[ 0.06439205  1.14549771  0.20946174 -0.46452722  0.2661278 ]
[-0.17375902  1.14549771 -0.40044803 -0.00823569 -0.03250307]
[-0.07849859  0.63488824  0.45520618  0.27931169  0.55783585]
[-0.26901945 -0.0459244   0.10562379  0.15324989  0.33142972]
[-0.31664967  0.47532277 -0.65788861 -0.93808062 -0.52811717]
[-0.03086838  0.21308041 -0.16154295 -0.63520397 -0.02494091]
[-0.41191009 -0.8650271  -0.01996855  0.07182843  0.24179236]
[-0.45954031  1.14549771 -0.69896879 -0.05422913 -0.25163488]
[ 0.01676183 -0.50416367 -0.02789228 -0.60219124  0.08145064]
[ 0.06439205  0.28767379 -0.48519682 -0.73518402 -0.25512255]
[-0.17375902 -1.53520204 -0.67634695 -0.69815004 -0.39565763]
[ 0.01676183 -0.14123817  1.28780672  0.86574361  1.08910262]
[-0.50717052  0.25193113 -1.27135678 -1.16601136 -1.29812492]
[-0.03086838 -2.07134199  0.23310966  0.32956985  0.48162339]
[-0.17375902  1.14549771  0.21474735 -0.42892765  0.2792242 ]
[ 0.06439205 -0.76928782 -0.04726231  0.09672298  0.20168337]
[ 0.01676183  0.67928906  0.34700428 -0.40703024  0.38566955]
[-0.12612881  0.60935776 -0.00702449 -0.69275829  0.05304489]
[-0.07849859  0.63488824 -0.76598583 -0.97015524 -0.64886754]
[-0.17375902  0.07321781  0.60185603  0.50728332  0.68862105]
[ 0.15965248 -0.00337361  1.19473941 -0.16805562  0.85109995]
[0.06439205 0.28767379 0.77782929 0.30052432 0.7102189 ]
[-0.03086838  0.65809776 -0.64153055 -0.08346688 -0.25921818]
[-0.07849859  0.1706978   0.69316255  0.34429799  0.69334512]
[-0.50717052  0.25193113 -1.15854957 -0.99911335 -0.99145842]
[0.11202226 1.14549771 1.02074246 0.47214952 0.86241435]
[-0.22138924  1.14549771  0.64866257  0.64151688  0.77114641]
[-0.31664967 -0.11600805 -0.22793722  0.25259451  0.18547684]
[-0.50717052  1.14549771 -0.91636429 -0.10507948 -0.44861949]
[-0.45954031  1.14549771 -0.78286572 -0.68032182 -0.46984896]
[-0.07849859  0.63488824 -0.3137422  -0.0110124   0.00225855]
[-0.45954031 -1.53520204 -1.11858307 -1.01112964 -0.97367625]
[-0.36427988  1.14549771 -0.39047416  0.05952169 -0.00287441]
[-0.50717052  1.14549771 -1.67471983 -1.21082372 -1.86011943]
[-0.03086838  0.65809776  1.26276631  0.70494938  1.03603083]
[-0.12612881 -1.42797405 -0.64511325 -0.05432736 -0.22046252]
[-0.07849859  0.1706978  -1.17868261 -1.17066053 -1.23573368]
[0.20728269 0.74835701 1.34612192 0.46626945 0.98477386]
[-0.55480074  1.14549771 -1.40501662 -1.19559409 -1.48421312]
[-0.69769138  1.14549771 -1.58254063 -1.20948001 -1.72726094]
[-0.31664967 -0.11600805 -0.5121106  -0.05133116 -0.13724883]
[ 0.01676183  0.25193113 -0.03728296 -0.63213445  0.02861085]
[ 0.06439205 -0.09174833 -0.87367517 -1.11723792 -0.87920726]
[0.15965248 0.73308237 1.35156956 0.68750515 1.05499195]
[-0.07849859  0.63488824  0.16218133  0.12847707  0.33954228]
[-0.17375902  0.58113987  0.32638149  0.43485751  0.54518538]
[0.01676183 0.67928906 0.77249481 0.61632858 0.80970852]
[-0.12612881  0.60935776  0.14880159 -0.49540524  0.2331816 ]
[-0.65006116  1.14549771 -1.29339952 -1.04334056 -1.19492689]
[ 0.11202226 -0.70326074  1.44929531  0.88890013  1.15192063]
[-0.12612881  1.14549771 -0.11085451 -0.54208628  0.0684446 ]
[-0.22138924  0.01678203  0.22483334  0.50056807  0.53942389]
[-0.07849859 -2.1822675   0.28840021  0.36873994  0.50632638]
[-0.55480074 -3.26977247 -0.07262515  0.17177699  0.25916772]
[-0.36427988 -0.19485216 -1.03114171 -0.88304312 -0.82633798]
[-0.60243095  1.14549771 -1.56756382 -1.1803513  -1.66453659]
[0.11202226 0.32066702 0.94521199 0.47207432 0.84255635]
[-0.26901945  1.14549771 -0.33065769 -0.77925002 -0.16974956]
[-0.22138924 -2.28579797 -1.33041673 -1.05031102 -1.22376301]
[ 0.20728269  0.03624264  1.67883655 -0.10291422  1.05755737]
[-0.60243095  1.14549771 -1.63967808 -1.20614682 -1.80143769]
[-0.31664967 -0.11600805  0.39733609 -0.25205217  0.47625086]
[0.01676183 0.25193113 0.99733113 0.66390731 0.91088437]
[0.06439205 0.28767379 0.73280432 0.50474114 0.74952899]
[-0.17375902  1.14549771 -0.33287567  0.06901318  0.03593253]
[-0.03086838  0.21308041  0.46217958  0.57492743  0.6632381 ]
[-0.12612881  1.14549771 -0.06508878  0.28760988  0.28219011]
[-0.07849859  0.1706978   0.04021312 -0.70043984  0.08998686]
[-0.17375902  0.58113987 -0.98525144 -1.17221902 -1.03690777]
[-0.12612881  1.14549771 -0.48020539 -0.76307148 -0.28045364]
[-0.26901945  0.51474483 -0.92404834 -0.88971137 -0.71589117]
[ 0.06439205  0.28767379  0.58528796 -0.29815935  0.54398319]
[ 0.15965248 -0.33350905  1.02176741  0.52921175  0.87745602]
[-0.41191009  1.14549771 -1.56255824 -1.2160411  -1.73512169]
[-0.36427988  1.14549771 -0.11368435  0.19042581  0.24307961]
[0.01676183 0.25193113 1.25448155 0.58755894 0.99199896]
[-0.50717052  0.25193113 -0.66547491 -0.07294564 -0.24175518]
[-0.17375902  0.07321781  0.44372741 -0.42137535  0.43175067]
[ 0.15965248  0.73308237 -0.39425523 -0.81785989 -0.26608229]
[-0.12612881  1.14549771 -0.33421906 -0.73012314 -0.17373884]
[-0.26901945  0.51474483  0.12114635  0.13683635  0.3314379 ]
[-0.26901945  1.14549771  0.4405126   0.51333259  0.62659662]
[ 0.11202226 -0.38633072  0.8566587   0.47044063  0.80851324]
[-0.50717052  0.25193113  0.01792756  0.18901114  0.31715182]
[-0.03086838  0.21308041  0.49975379  0.35207637  0.61072122]
[ 0.11202226  1.14549771 -0.79874516 -1.08916622 -0.78387358]
[-0.03086838  1.14549771  0.19781081  0.07266549  0.33710048]
[-0.17375902  0.58113987 -0.3474017  -1.01681185 -0.33442728]
[ 0.01676183 -1.96757297 -0.01639146  0.15908344  0.26533971]
[-0.03086838  0.65809776  0.40360324 -0.25180308  0.4788455 ]
[ 0.06439205 -1.35648872  0.88281595 -0.434036    0.64230474]
[-0.65006116  1.14549771 -1.26150499 -1.07965639 -1.15607778]
[-0.03086838  0.65809776 -0.7699451  -0.97785607 -0.6413969 ]
[ 0.15965248 -0.00337361  0.53594908  0.36694551  0.62031489]
[ 0.01676183 -0.14123817  0.49558915  0.33111142  0.58663758]
[-0.22138924 -0.89694019  0.45658584 -0.33774915  0.47176071]
[-0.22138924 -0.89694019  0.12496605  0.36313575  0.42891745]
[0.11202226 0.71658575 0.90443109 0.4563277  0.82602293]
[ 0.01676183 -0.14123817  0.47736293  0.48905843  0.63575442]
[-0.26901945 -0.0459244  -0.08540467  0.14060052  0.2289394 ]
[-0.55480074  1.14549771 -0.29112724  0.1576415   0.12444614]
[-0.07849859 -1.32899437  1.1091248   0.5172105   0.93407844]
[-0.55480074  0.1706978  -0.69406985 -0.7067086  -0.41624377]
[-0.17375902  0.58113987 -0.37733114 -0.6557102  -0.16755541]
[ 0.15965248  0.73308237  0.26644862 -0.46758781  0.30414883]
[-0.12612881  0.12427876  0.97742716  0.68290675  0.91208816]
[-0.41191009  1.14549771 -0.78837109 -0.03729907 -0.29579843]
[-0.60243095  1.14549771 -1.47185487 -1.17100315 -1.51635309]
[ 0.20728269 -0.8650271   0.81505188  0.35402354  0.74471203]
[-0.22138924  1.14549771 -0.09203506  0.11598703  0.20491545]
[-0.22138924  0.01678203 -0.2456575   0.12748774  0.12972724]
[ 0.11202226 -0.0459244   1.46298207  0.79451487  1.13201042]
[-0.65006116  1.14549771 -0.62762063 -0.70484602 -0.36733015]
[-0.50717052  1.14549771 -1.40494612 -1.04747085 -1.31237231]
[-0.31664967 -0.11600805  0.1912547   0.40810414  0.47284331]
[-0.03086838 -1.23734651  0.54691281  0.60862118  0.7054525 ]
[-0.60243095  0.07321781 -0.80084573 -0.03989954 -0.30867191]
[-0.36427988  1.14549771 -0.24867369  0.35961128  0.22768743]
[-0.36427988  0.43064445 -0.73615803 -0.97239429 -0.61291729]
[-0.50717052  1.14549771  0.23964548  0.33850816  0.47775844]
[ 0.20728269 -0.583986    1.55010772  0.81467519  1.16775564]
[-0.03086838  0.65809776  0.40031361  0.45158501  0.58461623]
[-0.41191009  0.3795835  -0.57672148 -0.85849448 -0.36958036]
[-0.12612881 -1.74140971  0.41985875  0.33728101  0.56120462]
[-0.12612881  0.12427876  0.9175196   0.52335189  0.84160396]
[-0.03086838  1.14549771 -0.83343715 -0.96477148 -0.71661214]
[-0.12612881 -0.7193369   0.28655953  0.3286637   0.47902779]
[0.06439205 0.69871442 0.1009265  0.1710579  0.31739316]
[-0.03086838  1.14549771  1.01450981  0.62773952  0.9033957 ]
[-0.26901945  1.14549771  0.38585338  0.34215248  0.5373198 ]
[ 0.06439205  0.28767379  0.32002809 -0.46287943  0.32753926]
[-0.36427988  0.43064445 -0.34753815  0.22794765  0.09952095]
[-0.07849859  0.63488824 -0.08101783  0.26193185  0.25625629]
[-0.31664967 -0.11600805 -1.39707716 -1.16801635 -1.44113256]
[0.06439205 1.14549771 0.45534319 0.30123025 0.55629841]
[-0.03086838  0.65809776  0.70598167  0.48826133  0.72756183]
[-0.12612881  1.14549771  1.04067896  0.55167503  0.91767848]
[-0.17375902  1.14549771 -0.01273718 -0.48552036  0.14270949]
[-0.07849859 -1.32899437  1.58250789  0.80919696  1.19017789]
[0.11202226 0.71658575 0.77297442 0.62659744 0.80387728]
[0.2549129  0.40599433 0.56769979 0.39589516 0.64134714]
[0.11202226 0.71658575 1.24153367 0.76330221 1.04328744]
[ 0.01676183  0.67928906  0.02740535 -0.66060282  0.11043037]
[ 0.01676183 -1.15224493  0.25653384  0.54726886  0.55547933]
[-0.26901945  0.51474483 -0.26902687 -0.64821759 -0.09101358]
[-0.69769138  1.14549771 -1.40196959 -1.13761725 -1.3867997 ]
[-0.12612881  1.14549771  0.30997139 -0.44736545  0.34582875]
[-0.41191009  1.14549771 -1.32035101 -1.05345573 -1.22038105]
[0.06439205 0.69871442 0.29505344 0.20433241 0.4339771 ]
[0.06439205 0.69871442 0.35941589 0.16587624 0.47368042]
[ 0.06439205 -0.4430651   0.56314008  0.34620334  0.61004573]
[-0.45954031  1.14549771 -0.97262397 -1.00997205 -0.84942072]
[-0.12612881 -0.31670215 -0.83966128 -0.84887045 -0.64318432]
[-0.03086838 -0.19485216  0.88845982  0.47280187  0.82974359]
[-0.45954031  1.14549771 -0.92678041 -1.11388781 -0.88356312]
[ 0.06439205 -0.76928782  1.00663364  0.56163981  0.87546173]
[-0.17375902  1.14549771  0.06255997 -0.57373603  0.16958127]
[-0.60243095 -1.53520204 -0.91599584 -0.06679344 -0.40412464]
[-0.17375902  0.07321781 -0.5239753  -0.86864772 -0.3863818 ]
[-0.26901945 -0.0459244   0.28069294  0.25983615  0.45206318]
[-0.45954031  1.14549771  0.28403615  0.372913    0.52325037]
[-0.26901945 -0.54757582  0.29331506  0.16767349  0.43184929]
[-0.36427988 -2.42876862 -0.01505614  0.21462854  0.30920405]
[-0.45954031  1.14549771 -0.71466421 -0.68348722 -0.40589857]
[-0.03086838 -0.57015013  1.16787513  0.8207442   1.03718219]
[0.11202226 0.71658575 0.8427416  0.39317719 0.75351195]
[ 0.15965248 -0.00337361  2.07459882  0.90056957  1.36827725]
[-0.07849859  1.14549771  0.09582314  0.37800584  0.4019133 ]
[-0.03086838 -1.53520204  1.01094172  0.70497993  0.92747037]
[-0.50717052  0.25193113 -0.52225762 -0.56906337 -0.21087206]
[-0.41191009  1.14549771 -1.10184019 -0.88892225 -0.89417464]
[-0.12612881  0.12427876  0.07439828 -0.56310951  0.16432364]
[-0.03086838  1.14549771  0.11896472 -0.45712061  0.22955851]
[-0.41191009  0.3795835  -0.93370789 -1.01143655 -0.8153939 ]
[-0.26901945  1.14549771 -0.44638702  0.2436938   0.06154623]
[-0.50717052  1.14549771 -1.21096928 -0.99677937 -1.07686099]
[-0.07849859  1.14549771  0.26097486 -0.47171152  0.31186975]
[-0.55480074  0.1706978  -0.14373642  0.30332125  0.26871831]
[-0.31664967 -0.64163546 -0.16929983 -0.61484391 -0.00572124]
[-0.12612881  0.60935776 -0.65707929 -1.01142715 -0.56329061]
[-0.60243095  1.14549771 -0.64948399 -0.77840874 -0.41941019]
[ 0.01676183 -0.50416367 -0.52251937 -0.88078292 -0.38019432]
[0.30254312 0.77574602 1.79770339 0.66908286 1.21409171]
[-0.07849859 -1.63448722  1.34349983  0.6279341   1.03551698]
[-0.17375902 -0.80410211  0.45473185  0.4828724   0.61716338]
[-0.60243095  1.14549771 -0.42963203  0.22525741  0.06159105]
[-0.22138924  0.54978666  0.7162117  -0.29126034  0.61000727]
[0.01676183 0.25193113 0.39192004 0.27338744 0.51738313]
[-0.69769138 -5.16203112 -1.03905076 -1.01202122 -0.90118268]
[ 0.06439205 -0.09174833  0.61705008 -0.52841421  0.48772096]
[-0.03086838  1.14549771 -0.74917612 -1.07901485 -0.71621834]
[-0.36427988  0.43064445  0.04039013  0.1994398   0.32955613]
[-0.12612881 -1.08841875 -0.29381899  0.1166328   0.09346304]
[-0.45954031 -1.53520204 -0.61436097 -0.65995423 -0.32938504]
[-0.31664967  1.14549771  0.90085983  0.70677577  0.90386985]
[-0.26901945  1.14549771 -0.92596554 -1.11236316 -0.89292424]
[-0.22138924  0.54978666  0.19676958 -0.46858889  0.27733905]
[ 0.2549129  -0.52993963  2.66882116  1.2315762   1.63193625]
[-0.55480074  1.14549771 -1.43281664 -1.17395611 -1.48928378]
[0.15965248 0.73308237 1.07330677 0.57289519 0.9196957 ]
[ 0.15965248 -0.92988274 -0.01221558 -0.7456531   0.00467754]
[-0.45954031  1.14549771 -0.39837881 -0.58898822 -0.12675017]
[-0.45954031  1.14549771 -0.82874317 -0.89724017 -0.61644312]
[-0.60243095  1.14549771 -1.07627713 -0.90795271 -0.84546203]
[-0.45954031 -0.38633072 -1.15713774 -1.03557441 -1.05841241]
[-0.07849859  0.1706978  -0.6376501  -0.93208634 -0.50888833]
[-0.60243095  1.14549771 -1.11577445 -1.01130401 -0.96781699]
[-0.07849859  0.1706978   0.44436412  0.38707011  0.59107582]
[-0.22138924  0.01678203  0.27593132 -0.50550631  0.31010829]
[-0.03086838  0.65809776 -0.28599755 -0.77141243 -0.16588336]
[-0.45954031  1.14549771 -1.58729911 -1.21764942 -1.76810911]
[-0.45954031  1.14549771 -0.34197679  0.08299216  0.05206945]
[-0.36427988  1.14549771 -1.17583895 -0.99895308 -1.04840761]
[0.15965248 0.73308237 0.59939883 0.34543115 0.62866453]
[-0.50717052  0.25193113 -0.3757865   0.27466817  0.12033775]
[ 0.06439205  1.14549771  0.05170278 -0.48726168  0.18747499]
[-0.07849859 -1.91815915  0.47746432  0.4846344   0.62489016]
[-0.22138924  1.14549771 -1.24109764 -1.13221892 -1.23030915]
[ 0.15965248 -0.33350905  0.88175919 -0.19358748  0.7137189 ]
[-0.26901945  1.14549771 -1.16119015 -1.13006589 -1.12007452]
[-0.65006116  1.14549771 -1.10845643 -0.11475803 -0.59815546]
[-0.41191009  1.14549771 -0.36630422 -0.88836155 -0.25811399]
[0.20728269 0.03624264 0.92233497 0.46437397 0.81481759]
[-0.31664967  0.47532277  0.12198057  0.26354298  0.39841872]
[-0.36427988  1.14549771 -0.32356639  0.07703783  0.0541675 ]
[-0.26901945  1.14549771 -1.14051688 -1.0135971  -1.00285565]
[-0.26901945 -0.54757582  0.8684464   0.66208938  0.87440644]
[0.06439205 0.69871442 0.227183   0.0331993  0.31623115]
[-0.36427988 -0.74676094 -0.44901389 -0.02362559 -0.07759922]
[-0.41191009  0.3795835  -0.44176943  0.07341889 -0.01638527]
[-0.60243095 -2.15382506 -0.46519093 -0.6388638  -0.20313163]
[-0.41191009  1.14549771 -0.71704237 -0.71844101 -0.4530463 ]
[-0.17375902 -0.38633072 -0.08304759  0.24798859  0.27186367]
[0.01676183 0.25193113 0.06385102 0.28775604 0.33459964]
[-0.17375902 -0.38633072 -0.3131175  -0.00515395  0.01191634]
[ 0.11202226 -0.38633072  1.18043469 -0.19876492  0.84470343]
[-0.03086838  0.65809776 -0.04187474 -0.61352652  0.04146506]
[-0.26901945  1.14549771  0.35298688  0.37118249  0.53293794]
[-0.41191009  1.14549771 -1.2831139  -1.16567814 -1.30367004]
[-0.07849859 -0.64163546  0.81463639  0.38855999  0.74789483]
[0.01676183 0.25193113 1.33296706 0.84037625 1.09060311]
[-0.07849859 -1.32899437  0.43402873  0.18878977  0.50576923]
[ 0.11202226 -0.70326074  0.80815008 -0.28785947  0.64011314]
[ 0.01676183  0.25193113  0.52705371 -0.54927199  0.39867491]
[-0.22138924  0.01678203  0.47816435  0.33556742  0.60030389]
[-0.12612881  0.12427876  0.50922601 -0.39134519  0.45937464]
[-0.60243095 -2.15382506 -1.20816811 -1.1397388  -1.17895605]
[-0.22138924  1.14549771 -0.07938432 -0.74831325 -0.00168355]
[-0.12612881 -0.31670215 -0.31457503  0.07641462  0.04950782]
[-0.36427988  0.43064445 -0.28151713  0.13225863  0.1021096 ]
[-0.60243095  0.07321781 -0.78378435 -0.71595757 -0.49176634]
[-0.41191009  1.14549771  0.30501769  0.49091913  0.56484877]
[-0.03086838 -2.54046445 -0.35301211 -0.81509868 -0.24089374]
[-0.31664967  1.14549771 -0.03700137  0.16002013  0.26695281]
[0.01676183 0.67928906 0.57054277 0.29724002 0.60681328]
[-0.31664967  0.47532277 -0.53412976 -0.07516024 -0.17042857]
[-0.03086838  0.65809776  0.28381343 -0.60938495  0.25979278]
[-0.31664967 -0.64163546  0.154687    0.16152411  0.35823501]
[-0.36427988  1.14549771  0.5973838   0.3352356   0.66318152]
[-0.17375902  0.58113987 -0.80977626 -0.86606371 -0.59913263]
[-0.26901945  1.14549771  0.14203621  0.12312762  0.32943954]
[-0.26901945  1.14549771  0.55074093  0.48572337  0.67164167]
[0.20728269 1.14549771 0.43992841 0.18904122 0.50632851]
[-0.12612881  1.14549771 -0.692729   -0.840459   -0.51975458]
[-0.26901945 -0.0459244  -0.00775148  0.11767477  0.25075845]
[ 0.06439205 -0.4430651   0.42009821  0.53654786  0.62271579]
[-0.45954031  1.14549771  0.07249707  0.39475166  0.43119156]
[-0.31664967 -0.64163546 -0.37402039 -0.77169349 -0.22061849]
[-0.07849859 -1.32899437  0.25975504  0.26820389  0.46290597]
[-0.12612881  1.14549771  0.30523213  0.42696352  0.53366886]
[-0.03086838  0.65809776  1.55892295  0.01889414  1.06274616]
[-0.41191009  1.14549771 -0.37534907  0.21425536  0.07273796]
[-0.36427988 -0.74676094 -0.18848311 -0.00640178  0.09099489]
[ 0.11202226  1.14549771 -0.10419607 -0.67355628  0.00158377]
[ 0.30254312 -0.19485216  0.42542801 -0.57589894  0.31183421]
[-0.03086838 -0.57015013  0.4464021  -0.41254325  0.43266203]
[-0.26901945 -0.0459244  -0.12842795 -0.64254196 -0.00689126]
[-0.12612881  1.14549771 -0.4611409  -0.92970207 -0.37832032]
[-0.07849859  0.1706978  -0.40214923 -0.02675715 -0.05440132]
[-0.36427988  1.14549771 -0.43592984  0.00778494 -0.03942526]
[ 0.01676183  1.14549771 -0.45556392 -0.71868541 -0.27248665]
[-0.55480074 -0.64163546 -0.19820859  0.19615079  0.19426976]
[-0.03086838 -1.53520204 -0.75801432 -1.0388714  -0.67028173]
[-0.03086838  1.14549771 -0.26659099  0.07204839  0.07675361]
[-0.31664967  1.14549771  0.58025823  0.5142425   0.71164074]
[-0.41191009  1.14549771 -0.17604688  0.11563876  0.16367614]
[-0.36427988 -0.19485216  0.23625029 -0.39283084  0.33032929]
[-0.55480074  1.14549771 -1.04355699 -1.00549255 -0.90377698]
[ 0.01676183  0.67928906  0.2899873  -0.34703103  0.37900837]
[-0.36427988  1.14549771 -0.36967705 -0.04573308 -0.04442229]
[-0.22138924 -1.6517542   0.18341361  0.15269436  0.36801413]
[-0.65006116  1.14549771 -1.02747197 -0.10708023 -0.5263013 ]
[-0.03086838 -0.19485216 -0.09935996 -0.79522741 -0.03577648]
[ 0.11202226 -0.99906209 -0.37231158 -0.90172672 -0.31509207]
[-0.60243095  1.14549771 -1.00583245 -0.8833378  -0.76585431]
[ 0.20728269 -0.583986    0.98778173  0.56074776  0.86236587]
[-0.22138924  0.54978666 -0.67342037 -0.81975725 -0.49221465]
[-0.17375902 -1.53520204  0.3925171   0.43107549  0.57057274]
[-0.31664967  1.14549771 -0.18615386 -0.72070027 -0.05594356]
[-0.17375902 -0.38633072 -0.13250682 -0.79820998 -0.06299706]
[-0.12612881 -1.74140971  0.00181373 -0.73831934  0.03338407]
[-0.12612881  0.60935776 -0.23102982  0.00729003  0.07495005]
[-0.31664967 -0.11600805 -0.9940237  -1.111653   -0.95962871]
[-0.12612881  1.14549771 -1.1908646  -1.17587979 -1.23001707]
[-0.03086838 -0.91657902 -0.28341169  0.11678178  0.09817448]
[-0.22138924  0.54978666  0.12613996 -0.42782129  0.25422135]
[-0.07849859  1.14549771  0.34363796  0.33344164  0.51255144]
[0.01676183 1.14549771 0.80574923 0.41772818 0.75158406]
[ 0.06439205 -0.4430651   0.76795019  0.60357581  0.80341141]
[-0.07849859 -0.99906209  0.87891119 -0.42234447  0.63474204]
[-0.45954031  1.14549771 -1.17231598 -1.04554624 -1.06696376]
[-0.45954031  1.14549771 -1.17231598 -1.04554624 -1.06696376]
[-0.17375902  0.58113987  0.35463472  0.25233038  0.49768935]
[-0.03086838 -0.91657902  0.39526069  0.2665796   0.53127502]
