[-0.74532159 -1.53520204 -1.61085419 -1.80589925 -2.18930741]
[-0.74532159 -1.53520204 -1.38059272 -0.61987026 -1.16525754]
[-0.60243095  0.07321781 -1.03506624 -0.30471139 -0.64957954]
[-0.60243095  0.07321781 -1.03506624 -0.30471139 -0.64957954]
[-0.31664967 -0.11600805  0.65891866  0.933126    0.82675426]
[-0.17375902 -1.18554555  1.65190133  0.92257853  1.23952531]
[-0.17375902 -1.18554555  1.65190133  0.92257853  1.23952531]
[-0.31664967 -1.11193366  0.77494272  0.51982521  0.79613548]
[-0.60243095 -0.80410211 -1.06143927 -1.51458644 -1.1687516 ]
[-0.60243095 -0.80410211 -1.06143927 -1.51458644 -1.1687516 ]
[-0.22138924 -0.46292214  1.24640334  1.15430088  1.10312877]
[-0.22138924  0.01678203  0.49818389  0.28495242  0.58084987]
[-0.55480074  0.1706978  -0.49424576 -0.0131296  -0.07776626]
[-0.55480074  0.1706978  -0.49424576 -0.0131296  -0.07776626]
[ 0.2549129  -0.23808926  1.90874031  0.55252272  1.2860569 ]
[ 0.2549129  -0.23808926  1.90874031  0.55252272  1.2860569 ]
[ 0.2549129  -0.23808926  1.90874031  0.55252272  1.2860569 ]
[-0.07849859  0.63488824  0.73665832  0.62792783  0.77886454]
[-0.07849859  0.63488824  0.73665832  0.62792783  0.77886454]
[-0.07849859  0.63488824  0.73665832  0.62792783  0.77886454]
[-0.22138924  0.54978666  0.4754802   0.25023635  0.57117198]
[-0.22138924  0.54978666  0.4754802   0.25023635  0.57117198]
[0.20728269 0.03624264 1.09862855 1.07820605 1.03265697]
[-0.50717052  1.14549771 -0.3243051  -0.05407155  0.0215434 ]
[-0.74532159  1.14549771 -1.09748304 -0.49553046 -0.77827202]
[-0.79295181  1.14549771 -1.13232609 -0.45562278 -0.78920924]
[-0.69769138  1.14549771 -0.85031658  0.04843777 -0.3584721 ]
[-0.69769138  1.14549771 -0.85031658  0.04843777 -0.3584721 ]
[-0.60243095  1.14549771 -0.12129337  0.4726413   0.31490773]
[-0.45954031  1.14549771  0.08637053  0.73147678  0.47486012]
[ 0.06439205 -0.76928782  1.47329643  1.17515064  1.18376395]
[-0.41191009  1.14549771  0.20119661  0.39002839  0.45825731]
[-0.12612881 -0.31670215  1.12179432  0.90115212  1.00025272]
[-0.55480074  1.14549771 -0.1306272   0.21465918  0.22824182]
[-0.12612881  0.60935776  0.83593391  1.02541694  0.88066043]
[-0.31664967  1.14549771 -0.07387738 -0.01222327  0.17278263]
[-0.41191009  1.14549771  0.34542374  0.51923309  0.57178172]
[-0.55480074  1.14549771 -0.09276675  0.26585225  0.28350614]
[-0.17375902 -1.18554555  1.44258747  1.17688713  1.20369939]
[-0.36427988 -0.19485216  0.74279825  0.86823741  0.85489491]
[-0.31664967  0.47532277  1.15015742  1.26385553  1.09989301]
[-0.31664967  0.47532277  1.15015742  1.26385553  1.09989301]
[-0.74532159 -0.38633072 -0.90822903 -0.27198234 -0.50878256]
[-0.22138924  0.54978666  0.35427604  0.78862378  0.62134729]
[-0.07849859  0.63488824  0.21169306  0.24423005  0.42432969]
[-0.84058202  1.14549771 -1.64853343 -0.67631207 -1.55153338]
[-0.41191009  1.14549771  0.95153497  1.04744201  0.98540429]
[-0.55480074  1.14549771 -0.16674102  0.12376909  0.20961289]
[-0.45954031  1.14549771 -1.11279372 -1.72691345 -1.40659572]
[-0.65006116  1.14549771 -0.62195627 -0.25905866 -0.26816447]
[-0.36427988  1.14549771  0.60247343  0.47185518  0.68864158]
[-0.36427988  0.43064445  0.5612234   0.65619485  0.69381688]
[-0.36427988 -3.05038016  0.549465    0.52889744  0.68162121]
[-0.36427988 -3.05038016  0.549465    0.52889744  0.68162121]
[-0.36427988 -3.05038016  0.549465    0.52889744  0.68162121]
[-0.45954031  0.32066702 -0.22610833 -0.05559381  0.08946654]
[-0.17375902  0.07321781  0.60863358  0.59951382  0.68225149]
[0.06439205 0.28767379 1.79803483 0.50775965 1.18082982]
[-0.45954031  0.32066702 -0.24832207  0.13235334  0.12737918]
[-0.45954031  0.32066702 -0.24832207  0.13235334  0.12737918]
[-0.45954031  0.32066702 -0.24832207  0.13235334  0.12737918]
[ 0.20728269 -0.28420882  2.00254674  1.42757695  1.42010766]
[-0.45954031  0.32066702  0.57802078  0.54907414  0.71616329]
[-0.45954031  0.32066702  0.57802078  0.54907414  0.71616329]
[-0.65006116  1.14549771 -1.0058582  -0.44056509 -0.67594098]
[-0.55480074  0.1706978  -0.44584634  0.26532678  0.0457508 ]
[-0.41191009 -1.83305757 -0.42004949  0.1010674  -0.01021   ]
[-0.22138924  1.14549771  1.10844634  1.03203499  1.03284649]
[-0.22138924  1.14549771  1.10844634  1.03203499  1.03284649]
[ 0.2549129  -0.80410211  2.58411712  1.87768735  1.68682992]
[-0.22138924  0.01678203  0.45907876  0.67485169  0.66788676]
[-0.22138924  0.01678203  0.45907876  0.67485169  0.66788676]
[-0.41191009  1.14549771  0.332173    0.60864377  0.59903827]
[0.11202226 0.71658575 1.3878499  1.21094264 1.17923527]
[-0.03086838  0.21308041  1.31590888  1.19033747  1.14299384]
[-0.03086838  0.21308041  1.31590888  1.19033747  1.14299384]
[-0.41191009  0.3795835   0.30189798  0.4829781   0.52012265]
[-0.41191009  0.3795835   0.30189798  0.4829781   0.52012265]
[-0.55480074  0.1706978   0.22673847  0.49231515  0.50563951]
[-0.55480074  0.1706978   0.22673847  0.49231515  0.50563951]
[-0.55480074  0.1706978   0.22673847  0.49231515  0.50563951]
[-0.22138924  0.54978666  1.45474165  1.47219838  1.25563143]
[-0.22138924  0.54978666  1.45474165  1.47219838  1.25563143]
[-0.17375902  0.07321781  1.55843325  1.36358874  1.27485901]
[-0.17375902  0.07321781  1.55843325  1.36358874  1.27485901]
[ 0.44543376 -0.34377993  1.67251983  0.58970843  1.14491458]
[ 0.44543376 -0.34377993  1.67251983  0.58970843  1.14491458]
[-0.60243095  1.14549771 -0.84551669 -1.42247522 -0.87102789]
[-0.65006116 -0.99906209  0.06386342  0.97127458  0.54362293]
[-0.65006116 -0.99906209  0.06386342  0.97127458  0.54362293]
[-0.65006116 -0.99906209  0.06386342  0.97127458  0.54362293]
[-0.60243095  1.14549771 -0.15042795  0.04684113  0.1788204 ]
[-0.50717052  0.25193113  0.88497457  0.89815463  0.93330514]
[-0.50717052  0.25193113  0.88497457  0.89815463  0.93330514]
[-0.50717052  0.25193113  0.88497457  0.89815463  0.93330514]
[-0.88821224  1.14549771 -2.37650077 -2.03777037 -6.02293324]
[-0.74532159  1.14549771 -0.85784158 -0.23186697 -0.43882447]
[ 0.2549129  -0.23808926  1.39045188  0.85112425  1.06641904]
[ 0.2549129  -0.23808926  1.39045188  0.85112425  1.06641904]
[-0.41191009  0.3795835  -1.13990009 -1.17996974 -1.10061632]
[ 0.39780355 -0.11600805  1.45429346  1.28360734  1.19915414]
[-0.12612881  1.14549771 -0.14592995 -1.12843866 -0.17324061]
[-0.22138924  0.01678203 -0.21440428 -0.87408186 -0.0937427 ]
[-0.31664967  0.47532277 -0.18005892 -0.86983466 -0.06810599]
[-0.45954031 -0.38633072 -0.67763666 -0.87030657 -0.49748674]
[-0.45954031 -0.38633072 -0.67763666 -0.87030657 -0.49748674]
[-0.07849859  0.63488824 -0.35950576 -0.69245581 -0.16791511]
[-0.07849859  0.63488824 -0.35950576 -0.69245581 -0.16791511]
[-0.55480074 -1.32899437 -1.28760846 -1.57673759 -1.52849664]
[-0.69769138  1.14549771 -0.47709386  0.09509085 -0.03359674]
[-0.74532159  1.14549771 -1.10415011 -0.11947847 -0.61222722]
[-0.65006116 -0.0459244  -0.7409185  -0.19052808 -0.31569781]
[-0.60243095  1.14549771 -0.15194619  0.47224437  0.29772657]
[-0.45954031 -0.38633072  0.45066605  0.51535069  0.66434121]
[-0.45954031 -0.38633072  0.45066605  0.51535069  0.66434121]
[-0.88821224  1.14549771 -1.76139849 -0.68007307 -1.6909658 ]
[-0.65006116  1.14549771 -0.56062474  0.19026325 -0.07886691]
[-0.41191009  1.14549771 -0.48596907 -0.73506939 -0.28132337]
[-0.41191009  1.14549771 -0.48596907 -0.73506939 -0.28132337]
[-0.88821224  1.14549771 -2.31165663 -2.03474848 -5.40075318]
[-0.03086838  0.21308041  0.98918491  0.71625068  0.89143101]
[-0.79295181  1.14549771 -1.68743737 -1.65025149 -2.21850568]
[-0.50717052  1.14549771 -0.37382754  0.22182531  0.06816589]
[-0.74532159  1.14549771 -0.74226978 -0.27063981 -0.32918467]
[-0.55480074  1.14549771 -0.60102155 -0.40430712 -0.32026483]
[ 0.15965248 -0.00337361  1.23532286  0.97603593  1.05028353]
[ 0.15965248 -0.00337361  1.23532286  0.97603593  1.05028353]
[-0.07849859  1.14549771  1.12651504  0.81312861  0.98514418]
[-0.07849859  1.14549771  1.12651504  0.81312861  0.98514418]
[-0.45954031  0.32066702 -0.18346903 -0.02762195  0.13638549]
[-0.31664967 -0.11600805 -0.01250407 -0.58399792  0.09956353]
[-0.31664967 -0.11600805 -0.01250407 -0.58399792  0.09956353]
[-0.41191009  1.14549771 -0.42048485  0.12160294 -0.01946386]
[-0.36427988  1.14549771  0.10513791  0.22338744  0.37416204]
[-0.31664967  0.47532277  0.33065889  0.8821543   0.66561304]
[-0.45954031  1.14549771 -0.86994239 -0.74007712 -0.60942302]
[-0.41191009  1.14549771 -0.54703984 -0.8926524  -0.37586095]
[-0.88821224  1.14549771 -1.76489678 -0.68010937 -1.69515002]
[-0.50717052  0.25193113 -0.66174421 -1.1702923  -0.58254204]
[-0.50717052 -0.50416367 -0.21554615  0.10101979  0.15036569]
[-0.50717052 -0.50416367 -0.21554615  0.10101979  0.15036569]
[ 0.20728269 -1.61179346  1.17080175  0.0161604   0.8774624 ]
[-0.36427988  1.14549771  0.56017458 -0.66235768  0.45358537]
[-0.74532159  1.14549771 -0.51405124  0.4063709   0.04295603]
[-0.74532159  1.14549771 -0.51405124  0.4063709   0.04295603]
[-0.45954031  0.32066702 -1.00462883 -0.11967366 -0.55298604]
[-0.45954031  0.32066702 -1.00462883 -0.11967366 -0.55298604]
[-0.45954031  0.32066702 -1.00462883 -0.11967366 -0.55298604]
[-0.55480074  1.14549771  0.82470472  1.08230745  0.94762658]
[-0.55480074  1.14549771  0.82470472  1.08230745  0.94762658]
[-0.50717052  1.14549771 -0.59607358 -1.21503096 -0.5278637 ]
[ 0.15965248 -0.33350905  0.91336805  0.65680602  0.83438371]
[ 0.15965248 -0.33350905  0.91336805  0.65680602  0.83438371]
[-0.60243095 -0.80410211 -1.40826386 -0.65799742 -1.25463929]
[-0.31664967  1.14549771 -0.66705929 -0.26842605 -0.35049195]
[0.01676183 0.67928906 1.42383425 1.12178309 1.15457974]
[-0.26901945  0.51474483  0.30942236  0.18744012  0.48301227]
[-0.50717052 -1.15224493  0.38260557  0.64001362  0.61905741]
[-0.36427988  1.14549771  0.43904354  0.39148042  0.59999612]
[-0.36427988  1.14549771  0.43904354  0.39148042  0.59999612]
[-0.26901945 -0.0459244   0.60453314  0.35348478  0.6705644 ]
[-0.36427988  0.43064445  0.62416134  0.91515234  0.80786431]
[-0.17375902  0.58113987  0.3343125   0.15098577  0.45173646]
[ 0.15965248 -0.00337361  1.53990837  0.82820118  1.12983401]
[-0.17375902  0.07321781  1.45475175  1.24820751  1.2163382 ]
[ 0.01676183 -1.15224493  2.69002339  1.93889052  1.7288467 ]
[ 0.01676183 -1.15224493  2.69002339  1.93889052  1.7288467 ]
[-0.55480074 -0.64163546  0.25660914  0.51247816  0.54722968]
[-0.55480074 -0.64163546  0.25660914  0.51247816  0.54722968]
[-0.84058202  1.14549771 -0.96461393 -0.25531313 -0.50462509]
[-0.22138924  1.14549771  0.4047794   0.40534138  0.54885751]
[-0.26901945  0.51474483 -0.42628885  0.10691778 -0.0528862 ]
[-0.26901945  0.51474483 -0.42628885  0.10691778 -0.0528862 ]
[0.20728269 0.3795835  1.37305023 1.0917534  1.11731928]
[0.20728269 0.3795835  1.37305023 1.0917534  1.11731928]
[0.20728269 0.3795835  1.37305023 1.0917534  1.11731928]
[ 0.06439205 -0.09174833  0.97199967  0.34640077  0.81109181]
[ 0.06439205 -0.09174833  0.97199967  0.34640077  0.81109181]
[-0.60243095  1.14549771 -0.90372799 -0.45370776 -0.60167799]
[-0.65006116  1.14549771  0.12727501  0.33311943  0.44519931]
[-0.65006116  1.14549771  0.12727501  0.33311943  0.44519931]
[-0.60243095  1.14549771 -0.27426109  0.43200462  0.18555417]
[-0.60243095  1.14549771 -0.27426109  0.43200462  0.18555417]
[-0.55480074  1.14549771 -1.16025326 -0.59754883 -0.94341369]
[-0.41191009  0.3795835   0.36756138  0.4374426   0.58228745]
[-0.45954031  0.32066702  0.16235482  0.97467376  0.58362204]
[-0.45954031  0.32066702  0.16235482  0.97467376  0.58362204]
[-0.12612881 -0.31670215  1.49293511  0.88208111  1.17667175]
[-0.03086838 -0.57015013  1.03817635  0.66116509  0.89621163]
[-0.03086838 -0.57015013  1.03817635  0.66116509  0.89621163]
[-0.03086838 -0.57015013  1.03817635  0.66116509  0.89621163]
[-0.03086838 -0.57015013  1.2904956   1.22804508  1.14381988]
[-0.03086838 -0.57015013  1.2904956   1.22804508  1.14381988]
[-0.79295181  1.14549771 -1.70275908 -1.74780843 -2.34342797]
[-0.74532159  1.14549771 -0.90541354 -0.89093317 -0.64609076]
[-0.60243095 -0.80410211  0.41266095  1.12586961  0.77022367]
[-0.60243095 -0.80410211  0.41266095  1.12586961  0.77022367]
[-0.79295181  1.14549771 -1.20761839 -0.30122234 -0.77695458]
[-0.74532159  1.14549771 -0.58432035  0.4110293   0.00321836]
[-0.84058202  1.14549771 -1.65912544 -0.67529564 -1.55962089]
[-0.45954031  0.32066702  0.54541069  0.81819049  0.74913063]
[-0.74532159  1.14549771 -0.56324411  0.19601187 -0.06827686]
[-0.41191009  0.3795835   0.63005823  1.03840846  0.82496752]
[-0.79295181  1.14549771 -1.18739107 -0.31001309 -0.76928263]
[-0.55480074  1.14549771 -0.80390103 -0.40709991 -0.49261635]
[-0.55480074  1.14549771 -0.80390103 -0.40709991 -0.49261635]
[-0.65006116  1.14549771 -0.61697235 -0.09076929 -0.18855752]
[-0.65006116  1.14549771 -0.61697235 -0.09076929 -0.18855752]
[-0.84058202  1.14549771 -1.38614239 -1.38447362 -1.44211788]
[-0.22138924  0.54978666  0.3479844   0.20762039  0.50701375]
[-0.22138924  0.54978666  0.3479844   0.20762039  0.50701375]
[-0.55480074  0.1706978   0.27252247  0.84820055  0.61463464]
[-0.74532159  1.14549771 -1.19948485 -1.61143997 -1.35402329]
[-0.65006116 -0.0459244  -0.14339677  0.74258245  0.37440424]
[-0.65006116 -0.0459244  -0.14339677  0.74258245  0.37440424]
[0.01676183 0.67928906 1.85166825 1.58727195 1.41065198]
[0.01676183 0.67928906 1.85166825 1.58727195 1.41065198]
[0.01676183 0.67928906 1.85166825 1.58727195 1.41065198]
[0.01676183 0.67928906 1.85166825 1.58727195 1.41065198]
[-0.36427988  1.14549771  0.70566179  0.9054743   0.84231286]
[-0.45954031  0.32066702  0.21825723  0.55899259  0.51571186]
[-0.69769138  1.14549771 -0.96012499 -0.29653061 -0.57594722]
[-0.69769138  1.14549771 -0.8471127  -0.22666643 -0.41651355]
[-0.03086838  0.65809776  0.97416158  0.81400876  0.91365304]
[-0.55480074  1.14549771 -0.5969758  -0.92336407 -0.41683446]
[-0.55480074  1.14549771 -0.5969758  -0.92336407 -0.41683446]
[-0.26901945  0.51474483  0.39145846  0.72337932  0.61844838]
[-0.26901945  0.51474483  0.39145846  0.72337932  0.61844838]
[-0.60243095  1.14549771  0.44888234  1.33571031  0.83354434]
[-0.60243095  1.14549771  0.44888234  1.33571031  0.83354434]
[-0.60243095 -0.80410211  0.14746152  0.83080949  0.56414   ]
[-0.60243095 -0.80410211  0.14746152  0.83080949  0.56414   ]
[-0.69769138  1.14549771 -0.25522077  0.28828734  0.19394478]
[-0.31664967  0.47532277  0.50627595  0.49606484  0.64067046]
[-0.41191009  1.14549771 -0.12335787 -0.03829379  0.15694723]
[-0.41191009  1.14549771 -0.12335787 -0.03829379  0.15694723]
[-0.69769138  1.14549771 -0.39010511  0.25765421  0.07814311]
[-0.69769138  1.14549771 -0.39010511  0.25765421  0.07814311]
[-0.12612881  0.12427876  1.38426854  0.69639235  1.08595151]
[-0.12612881  0.12427876  1.38426854  0.69639235  1.08595151]
[-0.26901945  1.14549771  0.63877001  0.63638532  0.73292709]
[-0.55480074  1.14549771 -0.85503436 -0.40314074 -0.51753259]
[-0.60243095  1.14549771 -0.75193265  0.10514677 -0.24450243]
[-0.22138924  0.54978666  1.57969449  1.11433428  1.23789549]
[-0.69769138  1.14549771 -1.08511211 -1.40740026 -1.07907087]
[-0.41191009  0.3795835  -0.16937314  0.2678958   0.18511032]
[-0.41191009  0.3795835  -0.16937314  0.2678958   0.18511032]
[-0.41191009  0.3795835  -0.16937314  0.2678958   0.18511032]
[-0.41191009  0.3795835  -0.16937314  0.2678958   0.18511032]
[-6.97691379e-01  1.14549771e+00 -4.47318754e-01  3.37823575e-02 -8.19491525e-04]
[-0.74532159  1.14549771 -0.85297766 -0.23196218 -0.43578641]
[-0.65006116  1.14549771 -0.5680236   0.23222758 -0.05838703]
[-0.79295181  1.14549771 -1.31711984 -0.52623083 -1.01746371]
[-0.60243095  1.14549771 -1.08372837 -0.57460255 -0.830978  ]
[-0.60243095  1.14549771 -1.08372837 -0.57460255 -0.830978  ]
[-0.60243095  1.14549771 -0.83205986 -0.4794254  -0.52764089]
[-0.41191009  1.14549771  0.42976442  0.74366552  0.64845208]
[-0.41191009  1.14549771  0.42976442  0.74366552  0.64845208]
[-0.41191009  1.14549771  0.42976442  0.74366552  0.64845208]
[ 0.11202226 -1.53520204  2.29876898  1.84534571  1.59924644]
[ 0.11202226 -1.53520204  2.29876898  1.84534571  1.59924644]
[-0.31664967  1.14549771  0.06918801  0.01487559  0.27324174]
[-0.60243095  1.14549771 -0.87245362 -0.23961273 -0.45795691]
[0.01676183 0.67928906 1.56318686 0.90234589 1.17121731]
[-0.50717052  0.25193113 -0.01381254  0.33174     0.32241475]
[-0.50717052  0.25193113 -0.01381254  0.33174     0.32241475]
[-0.50717052  0.25193113 -0.01381254  0.33174     0.32241475]
[-0.88821224  1.14549771 -1.62521142 -0.67133886 -1.50769735]
[ 0.11202226 -0.99906209  1.48744225  1.13808632  1.19783305]
[-0.22138924  1.14549771  0.78169797  0.64321523  0.82910866]
[-0.45954031  0.32066702  0.26096977  0.60774458  0.54120283]
[-0.50717052 -0.50416367 -0.36527865  0.10704394  0.03434555]
[-0.55480074  1.14549771  0.00885268  0.11879826  0.28348254]
[-0.55480074  1.14549771  0.00885268  0.11879826  0.28348254]
[-0.74532159  1.14549771 -0.90824472  0.05387337 -0.38553806]
[-0.41191009  1.14549771  0.95929802  0.97129838  0.96271959]
[-0.41191009  1.14549771  0.95929802  0.97129838  0.96271959]
[-0.79295181  1.14549771 -0.74484056  0.18404331 -0.18947146]
[-0.31664967  0.47532277  0.99643578  0.85472041  0.97065601]
[-0.31664967  0.47532277  0.99643578  0.85472041  0.97065601]
[-0.88821224  1.14549771 -1.27611816 -0.40477725 -0.89043771]
[-0.12612881  0.60935776  2.34609301  1.88466544  1.6279474 ]
[-0.12612881  0.60935776  2.34609301  1.88466544  1.6279474 ]
[ 0.06439205  0.69871442  0.87524204 -0.10000993  0.71469658]
[-0.65006116  1.14549771 -0.37319867  0.26410207  0.0946237 ]
[-0.45954031  0.32066702  0.1997793   0.30852653  0.46187483]
[-0.50717052  0.25193113 -0.01370603  0.46758537  0.33951674]
[-0.60243095  0.07321781 -1.09149509 -0.47021809 -0.77211358]
[-0.60243095  0.07321781 -1.09149509 -0.47021809 -0.77211358]
[-0.79295181  1.14549771 -1.79990107 -1.75322618 -2.53413495]
[-0.65006116  1.14549771 -0.24167444  0.27895029  0.16601621]
[-0.45954031  0.32066702  0.77024849  1.1376757   0.90594538]
[-0.45954031  0.32066702  0.77024849  1.1376757   0.90594538]
[-0.26901945  1.14549771  1.69501317  1.66446413  1.37712637]
[-0.26901945  1.14549771  1.69501317  1.66446413  1.37712637]
[-0.26901945  0.51474483  1.43176787  1.34912792  1.22636479]
[-0.69769138  1.14549771 -1.65999382 -1.82311    -2.36592794]
[-0.50717052  0.25193113  0.27737592 -0.13561745  0.45152176]
[-0.50717052  0.25193113  0.27737592 -0.13561745  0.45152176]
[ 0.01676183 -0.50416367  1.45342995 -0.20782631  0.97123768]
[ 0.01676183 -0.50416367  1.45342995 -0.20782631  0.97123768]
[-0.55480074  0.1706978   0.25566892  0.98462435  0.63999633]
[0.06439205 0.28767379 2.12880929 1.39285909 1.48163038]
[-0.17375902  0.07321781  0.80258165  0.86874443  0.85094169]
[-0.50717052 -0.50416367 -0.54658223 -0.8212011  -0.34782643]
[-0.50717052 -0.50416367 -0.54658223 -0.8212011  -0.34782643]
[-0.55480074  1.14549771  0.50873576  0.54426339  0.66699931]
[-0.55480074  1.14549771  0.50873576  0.54426339  0.66699931]
[-0.65006116  1.14549771 -0.01710346  0.47788409  0.38552847]
[-0.65006116  1.14549771 -0.01710346  0.47788409  0.38552847]
[-0.50717052  1.14549771  0.19950089  0.25482751  0.4416174 ]
[-0.74532159  1.14549771 -0.75775753 -0.16845183 -0.32238511]
[-0.65006116  1.14549771 -0.21915334  0.18404034  0.19347243]
[-0.50717052  1.14549771  0.50456904  0.37149474  0.63641137]
[-0.55480074  0.1706978   0.80966458  1.22386037  0.97033341]
[-0.55480074  0.1706978   0.80966458  1.22386037  0.97033341]
[-0.50717052  0.25193113 -0.73196003  0.08937616 -0.24567841]
[-0.31664967  1.14549771 -0.00192091  0.35809796  0.3344901 ]
[ 0.44543376 -1.26713206  2.76471363  2.0938926   1.77153405]
[ 0.2549129  -1.30542778  1.31568627  0.93076882  1.08564291]
[-0.07849859  0.1706978   1.79336308  1.60711897  1.40242666]
[-0.07849859  0.1706978   1.79336308  1.60711897  1.40242666]
[-0.65006116  1.14549771 -1.29621635 -1.58907868 -1.53637224]
[-0.69769138  1.14549771 -1.05908278 -0.55960913 -0.7881312 ]
[-0.50717052  1.14549771 -0.68020721 -0.42491051 -0.39711185]
[-0.50717052  1.14549771 -0.68020721 -0.42491051 -0.39711185]
[-0.74532159  1.14549771 -1.45736724 -1.51511786 -1.6526409 ]
[-0.74532159  1.14549771 -1.45736724 -1.51511786 -1.6526409 ]
[-0.22138924  1.14549771  1.75724746  1.52727921  1.36170782]
[-0.88821224  1.14549771 -1.56904362 -0.66206311 -1.42322244]
[-0.60243095  1.14549771 -0.16478177  0.29149252  0.20918423]
[-0.79295181  1.14549771 -1.42117509 -0.65697088 -1.25862051]
[-0.31664967  1.14549771 -0.37975089 -0.22188246 -0.08629934]
[-0.36427988  1.14549771  0.18733928  0.1481073   0.38456106]
[-0.36427988  1.14549771  0.18733928  0.1481073   0.38456106]
[-0.60243095 -0.80410211 -0.56009159 -1.34663568 -0.54044313]
[-0.60243095 -0.80410211 -0.56009159 -1.34663568 -0.54044313]
[-0.36427988  1.14549771  0.60247343  0.47185518  0.68864158]
[-0.36427988  0.43064445  0.5612234   0.65619485  0.69381688]
[-0.36427988  0.43064445  0.22443983  0.83278104  0.59421016]
[-0.22138924  0.54978666  1.10159073  1.21699952  1.06336305]
[-0.22138924  0.54978666  1.10159073  1.21699952  1.06336305]
[-0.22138924  0.54978666  1.10159073  1.21699952  1.06336305]
[-0.36427988  0.43064445  0.65359899  1.03403511  0.86462685]
[-0.36427988  0.43064445  0.65359899  1.03403511  0.86462685]
[-0.74532159  1.14549771 -1.02334318  0.03660846 -0.48956432]
[-0.55480074  1.14549771 -0.22531319  0.45320132  0.22593399]
[-0.55480074  1.14549771 -0.22531319  0.45320132  0.22593399]
[-0.65006116 -0.0459244  -2.2599531  -2.03714255 -5.17551474]
[-0.60243095  1.14549771 -1.47914975 -1.41133741 -1.61740854]
[-0.74532159  1.14549771 -0.67638923  0.19145879 -0.13795622]
[-0.79295181  1.14549771 -2.44837531 -2.05343804 -7.68022661]
[-0.26901945  1.14549771  0.65330401  0.22602133  0.66095756]
[-0.26901945  1.14549771  0.65330401  0.22602133  0.66095756]
[-0.26901945  1.14549771  0.65330401  0.22602133  0.66095756]
[-0.79295181  1.14549771 -1.13896382 -0.39723382 -0.76859852]
[-0.65006116  1.14549771 -0.92943882  0.04316284 -0.41844721]
[-0.03086838 -0.19485216  2.00213108  1.52185313  1.45993224]
[-0.12612881 -0.31670215  1.857363    1.22814387  1.36401207]
[-0.12612881 -0.31670215  1.857363    1.22814387  1.36401207]
[-0.12612881 -0.31670215  1.857363    1.22814387  1.36401207]
[-0.12612881 -0.31670215  1.857363    1.22814387  1.36401207]
[-0.74532159  1.14549771 -0.82394535 -0.82779713 -0.53105814]
[-0.36427988  0.43064445 -0.48368705 -1.2424952  -0.44681503]
[-0.65006116  1.14549771 -0.54217883 -0.1837196  -0.1720602 ]
[-0.65006116  1.14549771 -0.54217883 -0.1837196  -0.1720602 ]
[-0.55480074  1.14549771 -0.48252715 -0.08836868 -0.10974595]
[-0.50717052  1.14549771 -0.93821549 -1.46999476 -0.9968393 ]
[-0.03086838  1.14549771  2.87590191  2.18989158  1.82873603]
[-0.22138924  1.14549771  0.62694936  0.2387046   0.63733237]
[-0.22138924  0.01678203  1.54688779  1.10889214  1.22500398]
[-0.22138924  0.01678203  1.54688779  1.10889214  1.22500398]
[-0.36427988  0.43064445  1.09225172  1.42476036  1.11848175]
[-0.36427988  0.43064445  1.09225172  1.42476036  1.11848175]
[-0.41191009  1.14549771  0.50179878  0.89419011  0.7497107 ]
[-0.26901945 -0.54757582  1.18241913  1.35325193  1.13184053]
[ 0.15965248 -1.20011457  1.928918    1.60413457  1.43605317]
[-0.31664967  0.47532277  0.80538983  0.87488224  0.86985043]
[ 0.54069419 -0.26539689  1.97822906  1.52271125  1.42373494]
[ 0.54069419 -0.26539689  1.97822906  1.52271125  1.42373494]
[-0.36427988  0.43064445 -0.61154525 -0.80631955 -0.3565513 ]
[-0.41191009  1.14549771 -0.23469591  0.19682239  0.14498348]
[0.15965248 0.3512163  1.81337452 1.25283675 1.33530343]
[-0.22138924  0.54978666  0.42790372  0.49128623  0.60656718]
[-0.12612881 -0.31670215  1.27838698  1.27908164  1.13700536]
[-0.12612881 -0.31670215  1.27838698  1.27908164  1.13700536]
[-0.41191009  1.14549771  1.51103892  1.29835142  1.26626043]
[-0.41191009  1.14549771  1.51103892  1.29835142  1.26626043]
[-0.41191009  1.14549771  1.51103892  1.29835142  1.26626043]
[-0.22138924  0.54978666  0.46294485  0.30076113  0.56912007]
[-0.74532159  1.14549771 -1.75052119 -1.66560138 -2.36462582]
[-0.74532159  1.14549771 -1.75052119 -1.66560138 -2.36462582]
[-0.88821224  1.14549771 -2.36733454 -2.03769956 -5.94368483]
[0.35017333 0.45370423 2.35394833 1.2046995  1.49697018]
[0.35017333 0.45370423 2.35394833 1.2046995  1.49697018]
[0.35017333 0.45370423 2.35394833 1.2046995  1.49697018]
[-0.22138924 -0.46292214  0.87782237  1.19419071  0.96354323]
[-0.22138924 -0.46292214  0.87782237  1.19419071  0.96354323]
[-0.65006116  1.14549771 -0.92549216 -0.5060452  -0.6414448 ]
[-0.74532159  1.14549771 -1.10625705 -0.76558112 -0.82272954]
[-0.69769138  1.14549771 -1.36251766 -1.44700921 -1.46958345]
[-0.45954031  1.14549771 -0.75452201 -0.10569369 -0.36077708]
[-0.60243095  1.14549771 -0.34600322  0.02995887  0.05959792]
[-0.36427988 -0.19485216 -0.06651669  0.13659042  0.22555599]
[-0.36427988 -0.19485216 -0.06651669  0.13659042  0.22555599]
[-0.31664967  1.14549771  0.23680912  0.64205123  0.53838746]
[-0.31664967  1.14549771  0.23680912  0.64205123  0.53838746]
[-0.31664967  1.14549771  0.23680912  0.64205123  0.53838746]
[-0.69769138  1.14549771 -1.17038272 -0.30887467 -0.75434141]
[-0.69769138  1.14549771 -1.17038272 -0.30887467 -0.75434141]
[-0.74532159  1.14549771 -0.5053042   0.41477483  0.04996901]
[-0.26901945  0.51474483  0.70033973  0.98174587  0.84790095]
[-0.26901945 -0.54757582  0.90381     0.89667879  0.93444409]
[-0.26901945 -0.54757582  0.90381     0.89667879  0.93444409]
[-0.26901945 -0.54757582  0.90381     0.89667879  0.93444409]
[-0.36427988 -1.6762915  -0.89345403 -1.08448611 -0.74271217]
[-0.45954031  1.14549771 -1.00007139  0.03470059 -0.48564752]
[ 0.39780355 -0.64163546  2.24151814  1.66778357  1.53522496]
[0.2549129  0.07321781 2.0845014  1.43203659 1.45340005]
[0.2549129  0.07321781 2.0845014  1.43203659 1.45340005]
[ 1.77907976 -1.66923703  4.01016872  2.14086049  2.05232575]
[ 0.35017333 -1.17294532  2.23420681  1.71621719  1.54161959]
[ 1.68381933 -2.03162792  3.88855913  1.52204653  1.94515204]
[-0.07849859  0.1706978  -0.1594411  -1.20007622 -0.21785852]
[-0.07849859  0.1706978  -0.1594411  -1.20007622 -0.21785852]
[-0.31664967  1.14549771 -0.27075109 -0.10822284  0.01538998]
[-0.41191009  1.14549771 -0.683923   -0.27494175 -0.33424826]
[-0.60243095 -0.80410211 -0.57168542 -0.12718138 -0.17624862]
[-0.79295181 -1.91815915 -1.59756847 -1.79419491 -2.12910549]
[-0.26901945  0.51474483  1.28320841  1.073165    1.11220091]
[-0.26901945  0.51474483  1.28320841  1.073165    1.11220091]
[-0.41191009  1.14549771 -0.00546212 -0.73158749  0.11931093]
[-0.65006116  1.14549771 -0.73201409 -0.91850512 -0.50790924]
[ 0.73121505 -0.56040213  2.7557654   1.50234888  1.67113284]
[0.06439205 0.69871442 1.43859659 0.3452082  1.08261329]
[0.06439205 0.69871442 1.60409409 0.98320029 1.22890147]
[0.06439205 0.69871442 1.60409409 0.98320029 1.22890147]
[-0.26901945  0.51474483 -0.61446363 -1.07429213 -0.5479708 ]
[ 0.30254312 -1.23734651  2.01045688  1.08806261  1.37402661]
[ 0.30254312 -1.23734651  2.01045688  1.08806261  1.37402661]
[-0.88821224 -3.14362189 -2.36849273 -2.03771681 -5.95472619]
[-0.26901945 -0.0459244   1.24852247  1.24683462  1.13575611]
[-0.26901945 -0.0459244   1.24852247  1.24683462  1.13575611]
[-0.50717052  1.14549771 -0.80808442  0.04935243 -0.33709469]
[-0.50717052  1.14549771 -0.80808442  0.04935243 -0.33709469]
[0.15965248 0.73308237 1.33019768 1.26606691 1.17005415]
[ 0.73121505 -1.48049388  2.79483664  1.95849296  1.73729629]
[-0.12612881  0.12427876  0.68376645  0.7769373   0.7745176 ]
[-0.36427988 -0.19485216 -0.40803851  0.14159814  0.00167782]
[-0.55480074  1.14549771 -1.501443   -0.66160667 -1.36121096]
[-0.50717052  1.14549771 -0.96203267 -0.45407137 -0.6659427 ]
[0.30254312 0.10780749 1.89019447 1.80131402 1.45782761]
[-0.12612881 -0.31670215 -0.34868132 -0.08719039 -0.04670524]
[ 0.9217359  -1.12278669  2.94102034  1.88367639  1.7740386 ]
[-0.03086838 -0.19485216  0.46313411  0.3415924   0.56957277]
[-0.50717052  1.14549771 -0.64852369  0.06514864 -0.21306618]
[-0.55480074  1.14549771 -0.62655488 -0.03330332 -0.19897055]
[-0.50717052  1.14549771  0.33103376  0.59092005  0.59686051]
[-0.50717052  1.14549771  0.33103376  0.59092005  0.59686051]
[-0.36427988  1.14549771  0.27908911  0.70162204  0.5981442 ]
[-0.36427988  0.43064445 -0.2295483  -0.13358758  0.05671772]
[-0.60243095  1.14549771 -0.70264434 -0.10812822 -0.26731021]
[-0.31664967  1.14549771  0.60639273 -0.12520924  0.58656442]
[-0.74532159 -0.38633072 -1.17322325 -1.15650573 -1.10157249]
[-0.69769138  1.14549771 -0.3657695  -0.03548792  0.02808305]
[-0.45954031  0.32066702  0.53111464  0.3711234   0.6446232 ]
[-0.45954031  0.32066702  0.53111464  0.3711234   0.6446232 ]
[ 0.01676183 -0.14123817  1.71017327  1.3129384   1.32598846]
[ 0.49306398 -0.77910724  2.60869943  1.83788024  1.66538593]
[-0.22138924  0.54978666  1.04413833  1.04230753  1.01621102]
[0.2549129  1.14549771 3.11644373 2.21880428 1.88431183]
[0.2549129  1.14549771 3.11644373 2.21880428 1.88431183]
[0.01676183 0.25193113 1.85217945 1.3865606  1.35980424]
[0.01676183 0.25193113 1.85217945 1.3865606  1.35980424]
[0.01676183 0.25193113 1.85217945 1.3865606  1.35980424]
[-0.12612881  1.14549771  1.38786884  0.81238117  1.10286996]
[-0.12612881  1.14549771  1.38786884  0.81238117  1.10286996]
[-0.50717052  1.14549771  0.27657738  0.2811938   0.49028922]
[-0.31664967 -0.11600805  0.33481865  0.36914828  0.50847689]
[-0.69769138 -1.23734651 -0.91223046 -0.81517278 -0.62763968]
[-0.69769138 -1.23734651 -0.91223046 -0.81517278 -0.62763968]
[-0.41191009 -0.28420882 -0.23031543  0.43183681  0.19943919]
[-0.41191009 -0.28420882 -0.23031543  0.43183681  0.19943919]
[0.11202226 1.14549771 0.72084563 0.95655252 0.84191087]
[-0.26901945  0.51474483  0.42017376  0.75604648  0.67274064]
[-0.26901945  0.51474483  0.80883726  0.94467203  0.88899208]
[-0.26901945  0.51474483  0.80883726  0.94467203  0.88899208]
[0.11202226 0.71658575 0.85709328 1.01634352 0.90820112]
[-0.36427988  0.43064445 -0.01084455  0.47552929  0.34977568]
[-0.36427988  0.43064445 -0.01084455  0.47552929  0.34977568]
[-0.55480074 -0.64163546 -1.14737977 -1.604472   -1.29287525]
[0.01676183 0.25193113 0.68192953 0.35356393 0.69913955]
[0.01676183 0.25193113 0.68192953 0.35356393 0.69913955]
[-0.60243095  1.14549771 -0.20072572  0.45674868  0.24252321]
[-0.65006116  1.14549771  0.05181264  0.70153278  0.46113633]
[-0.65006116  1.14549771  0.05181264  0.70153278  0.46113633]
[-0.65006116  1.14549771  0.05181264  0.70153278  0.46113633]
[-0.69769138  1.14549771 -0.93263858 -0.24233053 -0.50176739]
[-0.60243095  0.07321781 -0.29228787 -0.10491947  0.04570301]
[-0.74532159  1.14549771 -0.70326466 -0.02636094 -0.22087654]
[-0.22138924 -0.89694019  0.00972895  0.24578206  0.27152602]
[-0.50717052  0.25193113 -0.45301343 -0.09061457 -0.09305045]
[-0.65006116  1.14549771 -1.3367681  -1.29721183 -1.37847166]
[-0.79295181  1.14549771 -1.55526444 -1.80120633 -2.08364345]
[-0.60243095  0.07321781 -1.59164107 -1.48033157 -1.95372001]
[-0.60243095  0.07321781 -1.59164107 -1.48033157 -1.95372001]
[-0.60243095  0.07321781 -1.59164107 -1.48033157 -1.95372001]
[-0.45954031  1.14549771 -0.30138358 -0.12622447  0.00979547]
[-0.26901945  0.51474483  0.77843837  0.82111836  0.8636099 ]
[-0.45954031  1.14549771 -0.18197366 -0.09121085  0.08594716]
[-0.26901945 -0.54757582 -0.14790712 -0.61191622  0.03750451]
[-0.79295181  1.14549771 -1.69297225 -0.67894179 -1.61288462]
[-0.55480074  0.1706978  -0.77194381 -0.08428335 -0.33569665]
[-0.93584245  1.14549771 -2.50958161 -2.05471154 -9.8300879 ]
[-0.26901945  1.14549771 -0.07152385  0.00187335  0.17812372]
[-0.26901945  1.14549771 -0.07152385  0.00187335  0.17812372]
[-0.17375902  0.58113987  0.63989859  0.87075823  0.77075624]
[-0.65006116  1.14549771 -0.74041129  0.06210294 -0.27200277]
[-0.26901945  0.51474483  1.27088155  0.92772015  1.08033685]
[-0.26901945  0.51474483  1.27088155  0.92772015  1.08033685]
[-0.26901945  0.51474483  1.27088155  0.92772015  1.08033685]
[-0.55480074  1.14549771 -1.52487481 -1.81185913 -2.08868407]
[-0.07849859 -0.25312824  0.82986113  0.59528626  0.84239958]
[-0.26901945 -0.54757582  0.52869035  0.84681814  0.723114  ]
[ 0.63595462 -1.5922382   2.8859398   2.03465384  1.78892944]
[ 0.63595462 -1.5922382   2.8859398   2.03465384  1.78892944]
[ 0.63595462 -1.5922382   2.8859398   2.03465384  1.78892944]
[0.01676183 0.67928906 2.04448552 1.47252747 1.47438767]
[0.01676183 0.67928906 2.04448552 1.47252747 1.47438767]
[0.63595462 0.29896095 2.04923011 1.29981655 1.4033046 ]
[0.01676183 0.67928906 1.66569392 1.47376765 1.32461411]
[0.01676183 0.67928906 1.66569392 1.47376765 1.32461411]
[-0.07849859  0.63488824  1.46814449  1.3287108   1.2026048 ]
[-0.07849859  0.63488824  1.46814449  1.3287108   1.2026048 ]
[0.01676183 0.25193113 1.45927981 0.95446552 1.14114424]
[0.01676183 0.25193113 1.45927981 0.95446552 1.14114424]
[-0.45954031  1.14549771 -0.74130808 -0.38753496 -0.42058788]
[-0.79295181 -0.64163546 -1.61313423 -1.46959605 -1.93790635]
[-0.12612881  0.60935776  1.66066389  1.26586458  1.29265859]
[-0.12612881  0.60935776  1.66066389  1.26586458  1.29265859]
[-0.41191009  1.14549771 -0.26892572 -0.01001725  0.07653034]
[-0.31664967 -0.64163546 -0.13972587 -0.63450841  0.02421921]
[-0.26901945 -0.0459244   0.21360472  0.1770807   0.43458303]
[-0.26901945 -0.0459244   0.21360472  0.1770807   0.43458303]
[-0.69769138  1.14549771 -1.86951197 -1.66711887 -2.57995632]
[-0.69769138  1.14549771 -1.86951197 -1.66711887 -2.57995632]
[-0.45954031  1.14549771 -0.4958432   0.0958859  -0.06120005]
[-0.07849859 -0.64163546  1.30577058  1.43015133  1.19090455]
[-0.07849859 -0.64163546  1.30577058  1.43015133  1.19090455]
[-0.69769138 -0.19485216 -1.11569088 -0.45919514 -0.78418136]
[-0.69769138 -0.19485216 -1.11569088 -0.45919514 -0.78418136]
[-0.69769138 -0.19485216 -1.11569088 -0.45919514 -0.78418136]
[-0.41191009  0.3795835   0.56241256  0.56456923  0.71012455]
[-0.41191009  0.3795835   0.56241256  0.56456923  0.71012455]
[-0.41191009  0.3795835   0.56241256  0.56456923  0.71012455]
[-0.31664967  1.14549771  0.85561241  0.93374252  0.90777945]
[-0.22138924  0.01678203  1.59623231  1.05788176  1.24164203]
[-0.65006116  1.14549771 -0.18463858  0.26055947  0.20234472]
[-0.65006116  1.14549771 -0.14567025  0.34079616  0.25784531]
[-0.69769138  1.14549771 -0.49740506  0.04134245 -0.03605523]
[-0.74532159  1.14549771 -1.13410586 -0.30623305 -0.71898356]
[-0.74532159  1.14549771 -1.13410586 -0.30623305 -0.71898356]
[-0.50717052  1.14549771  0.03376117  0.58199421  0.42040299]
[-0.45954031  1.14549771 -0.59771176 -0.13678265 -0.20866393]
[-0.60243095  1.14549771 -0.45267159  0.13450223  0.01955771]
[-0.69769138 -0.19485216 -0.85137915  0.04804798 -0.35919769]
[-0.60243095  1.14549771 -1.0175182  -1.37418086 -1.01238807]
[-0.45954031  1.14549771  0.62808652  0.76560073  0.77084979]
[-0.45954031  1.14549771  0.62808652  0.76560073  0.77084979]
[-0.31664967 -0.11600805 -0.11830982  0.24580884  0.2378338 ]
[ 0.35017333 -1.17294532  2.79906219  1.55594494  1.70080401]
[ 0.35017333 -1.17294532  2.79906219  1.55594494  1.70080401]
[-0.60243095  1.14549771 -0.76383178 -0.22050065 -0.36392738]
[-0.74532159  1.14549771 -1.41714036 -0.61056952 -1.19899973]
[-0.31664967  1.14549771  0.36611063  0.2683814   0.53197132]
[-0.65006116 -0.0459244  -0.89493771 -0.36690122 -0.54225011]
[-0.55480074  1.14549771 -0.82214995 -1.39524366 -0.85412685]
[-0.22138924  0.01678203  1.10045519  1.23702091  1.06197735]
[-0.22138924  0.01678203  1.10045519  1.23702091  1.06197735]
[-0.22138924  0.01678203  1.10045519  1.23702091  1.06197735]
[-0.22138924  0.01678203  1.10045519  1.23702091  1.06197735]
[-0.79295181  1.14549771 -1.60434334 -1.46138611 -1.89929389]
[-0.79295181  1.14549771 -1.60434334 -1.46138611 -1.89929389]
[-0.50717052  1.14549771 -0.24328875  0.60898654  0.2519456 ]
[ 0.20728269 -0.583986    0.59936698 -0.51698781  0.47843961]
[ 0.20728269 -0.583986    0.59936698 -0.51698781  0.47843961]
[-0.03086838  0.21308041  1.71196727  0.71970758  1.22203493]
[-0.84058202  1.14549771 -1.58597439 -0.66337172 -1.4485503 ]
[-0.17375902 -0.38633072  1.91941488  1.90693569  1.50431675]
[-0.55480074  1.14549771  0.27547048  0.51420394  0.54420056]
[-0.36427988 -0.19485216  0.49897569  0.64071345  0.68123519]
[ 0.30254312 -0.19485216  1.79879342  1.27680302  1.32395083]
[ 0.30254312 -0.19485216  1.79879342  1.27680302  1.32395083]
[ 0.06439205 -0.09174833  1.39419991  1.57985468  1.25391914]
[ 0.06439205 -0.09174833  1.39419991  1.57985468  1.25391914]
[-0.07849859 -0.64163546  0.82958012  1.04559662  0.88351108]
[-0.07849859 -0.64163546  0.82958012  1.04559662  0.88351108]
[-0.17375902  0.58113987  1.74063002  1.46247393  1.34210977]
[-0.17375902  0.58113987  1.74063002  1.46247393  1.34210977]
[-0.31664967 -1.53520204  1.16820185  1.515923    1.15622523]
[-0.31664967 -1.53520204  1.16820185  1.515923    1.15622523]
[-0.55480074  1.14549771  0.03829697  0.1910702   0.35015332]
[-0.79295181  1.14549771 -1.08165909 -0.38465232 -0.69872205]
[-0.41191009  0.3795835  -0.20387735  0.43455877  0.25056007]
[-0.88821224  1.14549771 -1.73207083 -0.67957617 -1.65640769]
[-0.79295181  1.14549771 -0.92680633 -0.20009662 -0.44526241]
[-0.17375902  0.07321781  0.90546962  0.87892413  0.90848844]
[-0.41191009  0.3795835   0.20098503  0.54720257  0.53390497]
[-0.65006116  1.14549771 -0.87980485 -0.40321393 -0.53564129]
[-0.69769138 -0.19485216 -0.7753841  -0.38695415 -0.43754496]
[-0.69769138 -0.19485216 -0.7753841  -0.38695415 -0.43754496]
[-0.45954031  0.32066702 -0.19185404  0.43281574  0.23206879]
[-0.60243095  1.14549771 -0.94038289 -0.1143672  -0.49330389]
[-0.45954031 -0.99906209 -0.20852152  0.40334424  0.24278828]
[-0.36427988  1.14549771  0.43759728  0.87857064  0.71083099]
[-0.36427988  1.14549771  0.43759728  0.87857064  0.71083099]
[-0.74532159  1.14549771 -1.53748084 -0.6606325  -1.38931795]
[-0.17375902  0.58113987 -0.40878381  0.10537589 -0.00636582]
[-0.31664967 -0.11600805  1.32623252  1.08290254  1.1293222 ]
[-0.31664967 -0.11600805  1.32623252  1.08290254  1.1293222 ]
[-0.31664967 -0.11600805  1.32623252  1.08290254  1.1293222 ]
[-0.55480074  0.1706978  -0.56250046  0.25079455 -0.03590832]
[-0.55480074  0.1706978  -0.56250046  0.25079455 -0.03590832]
[-0.12612881  0.12427876  1.77255543  1.39065902  1.37169297]
[-0.12612881  0.12427876  1.77255543  1.39065902  1.37169297]
[-0.74532159  1.14549771 -1.35491894 -0.52848208 -1.0584855 ]
[-0.22138924 -0.46292214  1.24640334  1.15430088  1.10312877]
[-0.36427988  1.14549771  1.25262492  1.34550558  1.17083863]
[-0.50717052  1.14549771 -0.86495816 -1.40826434 -0.87728146]
[-0.50717052  1.14549771 -0.86495816 -1.40826434 -0.87728146]
[-0.45954031  0.32066702 -0.24832207  0.13235334  0.12737918]
[-0.41191009 -1.83305757 -0.42004949  0.1010674  -0.01021   ]
[-0.65006116  1.14549771 -0.2716233   0.55207461  0.25867564]
[-0.65006116  1.14549771 -0.2716233   0.55207461  0.25867564]
[-0.45954031  1.14549771 -0.70133208  0.06712376 -0.24903286]
[-0.55480074  1.14549771  0.0356644   0.9697309   0.52876485]
[-0.03086838  1.14549771  0.46413007 -0.73078947  0.3669285 ]
[-0.03086838  0.21308041  0.98918491  0.71625068  0.89143101]
[-0.74532159  1.14549771 -0.74199961 -0.09117039 -0.27144831]
[-0.50717052  1.14549771 -1.05438379 -1.55822953 -1.18254209]
[-0.65006116  1.14549771 -0.48506273  0.19635643 -0.01011133]
[-0.74532159  1.14549771 -1.57689633 -1.63086567 -1.99441286]
[-0.36427988  1.14549771  0.54086757  0.84208059  0.75419979]
[-0.03086838 -0.57015013  1.2904956   1.22804508  1.14381988]
[-0.45954031  1.14549771  0.41221097 -0.06564437  0.54019599]
[-0.45954031  1.14549771  0.41221097 -0.06564437  0.54019599]
[-0.74532159  1.14549771 -1.34498968 -1.17313507 -1.3052728 ]
[-0.41191009  0.3795835   0.63005823  1.03840846  0.82496752]
[-0.22138924  0.54978666  0.3479844   0.20762039  0.50701375]
[-0.45954031  0.32066702  0.21825723  0.55899259  0.51571186]
[-0.69769138  1.14549771 -0.8471127  -0.22666643 -0.41651355]
[-0.84058202  1.14549771 -1.42996943 -0.65135675 -1.25284248]
[-0.55480074  0.1706978  -0.16300026 -0.0102773   0.1455906 ]
[ 0.11202226 -0.99906209  1.48744225  1.13808632  1.19783305]
[-0.65006116 -0.99906209 -0.69102354  0.15168441 -0.15139355]
[-0.45954031  0.32066702  0.1997793   0.30852653  0.46187483]
[-0.26901945  0.51474483  1.43176787  1.34912792  1.22636479]
[-0.69769138  1.14549771 -1.65999382 -1.82311    -2.36592794]
[-0.74532159  1.14549771 -0.36555057  0.43935821  0.14836758]
[-0.65006116  1.14549771 -0.21915334  0.18404034  0.19347243]
[-0.07849859  0.1706978   1.79336308  1.60711897  1.40242666]
[-0.45954031  1.14549771  0.57564866  0.6151553   0.69945915]
[-0.55480074 -0.64163546 -0.08879434  0.74405353  0.39872539]
[-0.55480074 -0.64163546 -0.08879434  0.74405353  0.39872539]
[-0.84058202  1.14549771 -1.39784774 -1.38542518 -1.4579921 ]
[-0.31664967  0.47532277  0.80538983  0.87488224  0.86985043]
[ 0.54069419 -0.26539689  1.97822906  1.52271125  1.42373494]
[ 0.54069419 -0.0137238   2.36151151  1.78160387  1.59389256]
[-0.22138924  0.54978666  0.46294485  0.30076113  0.56912007]
[-0.12612881  1.14549771  1.05457899  1.23321527  1.04904772]
[-0.26901945 -0.54757582  0.90381     0.89667879  0.93444409]
[-0.36427988  0.43064445 -0.82916646 -0.11019618 -0.41922472]
[ 0.39780355 -0.64163546  2.24151814  1.66778357  1.53522496]
[ 0.39780355 -0.11600805  1.59137805  0.57648185  1.11355044]
[ 1.68381933 -2.03162792  3.88855913  1.52204653  1.94515204]
[-0.65006116  1.14549771 -0.73201409 -0.91850512 -0.50790924]
[ 0.73121505 -0.56040213  2.7557654   1.50234888  1.67113284]
[-0.26901945 -0.54757582  1.11290374  1.62709156  1.16819685]
[-0.12612881  1.14549771  1.38786884  0.81238117  1.10286996]
[-0.31664967 -0.11600805  0.33481865  0.36914828  0.50847689]
[-0.36427988  1.14549771 -1.14947414 -1.75876592 -1.47723692]
[-0.69769138  1.14549771 -0.93263858 -0.24233053 -0.50176739]
[-0.79295181 -0.64163546 -1.49672113 -0.66582708 -1.35869392]
[ 0.15965248 -2.1309131   2.27204734  1.9781918   1.6190189 ]
[-0.12612881  1.14549771  0.42108239  0.53970258  0.5836727 ]
[-0.26901945 -0.54757582  0.52869035  0.84681814  0.723114  ]
[ 0.63595462 -1.5922382   2.8859398   2.03465384  1.78892944]
[-0.12612881  0.60935776  1.66066389  1.26586458  1.29265859]
[-0.50717052 -0.50416367  0.80063409  0.76642197  0.85956139]
[-0.69769138  1.14549771 -0.49740506  0.04134245 -0.03605523]
[-0.03086838  0.21308041  1.71196727  0.71970758  1.22203493]
[-0.17375902 -0.38633072  1.91941488  1.90693569  1.50431675]
[-0.55480074  1.14549771  0.27547048  0.51420394  0.54420056]
[-0.07849859 -0.64163546  0.82958012  1.04559662  0.88351108]
[-0.26901945  0.51474483  0.74541882  0.81924679  0.82984288]
[-0.79295181  1.14549771 -1.21510825 -0.51554233 -0.90323338]
[-0.50717052  1.14549771  0.36083919  0.67123648  0.61724994]
[-0.65006116  1.14549771 -0.46184975  0.25471147  0.02607445]
[-0.74532159  1.14549771 -1.10318934 -0.29509643 -0.68846722]
[-0.74532159  1.14549771 -1.10318934 -0.29509643 -0.68846722]
[-0.65006116 -6.81012736 -1.59786553 -0.66785041 -1.47501684]
[-0.74532159  1.14549771 -1.45596008 -0.65799266 -1.30029444]
[-0.84058202  1.14549771 -1.25883937 -0.46496399 -0.90729266]
[-0.79295181  1.14549771 -1.7347947  -0.67974874 -1.66174451]
[-0.69769138  1.14549771 -2.30154221 -2.03552924 -5.36462943]
[-0.31664967  1.14549771  1.06670945  0.89708703  0.9867351 ]
[-0.31664967  1.14549771  1.06670945  0.89708703  0.9867351 ]
[-0.31664967  1.14549771  1.06670945  0.89708703  0.9867351 ]
[-0.65006116 -0.0459244  -1.17601512 -0.615776   -0.96340587]
[-0.65006116 -0.0459244  -1.17601512 -0.615776   -0.96340587]
[-0.84058202  1.14549771 -1.42996943 -0.65135675 -1.25284248]
[-0.69769138  1.14549771 -0.95950268 -0.45834475 -0.64927627]
[-0.79295181  1.14549771 -0.79452135 -0.02905792 -0.2787013 ]
[-0.50717052 -0.50416367 -0.41608709 -0.04657811 -0.03559739]
[-0.50717052 -0.50416367 -0.41608709 -0.04657811 -0.03559739]
[-0.12612881  1.14549771  0.73171524  0.236908    0.67612822]
[-0.12612881  1.14549771  0.73171524  0.236908    0.67612822]
[-0.50717052  1.14549771 -0.53051722 -0.29650919 -0.21826335]
[-0.55480074  1.14549771 -0.06736609  0.66879302  0.37748878]
[-0.50717052  1.14549771 -0.73483501 -0.26978763 -0.39583049]
[-0.22138924  1.14549771  0.48524335  0.14668621  0.54782926]
[-0.22138924  1.14549771  0.48524335  0.14668621  0.54782926]
[-0.26901945  0.51474483  1.76183382  1.54006542  1.38236904]
[-0.50717052  0.25193113 -0.21783179  0.46720272  0.23946383]
[-0.74532159  1.14549771 -1.64607515 -1.81712691 -2.28985274]
[-0.22138924  1.14549771  0.38027721  0.01929833  0.45295033]
[-0.03086838  0.65809776  1.8773987   1.8856652   1.47949847]
[-0.03086838  0.65809776  1.8773987   1.8856652   1.47949847]
[-0.31664967 -0.11600805  1.57972782  1.32545503  1.29731088]
[-0.31664967 -0.11600805  1.57972782  1.32545503  1.29731088]
[-0.31664967 -0.11600805  1.57972782  1.32545503  1.29731088]
[-0.31664967 -0.11600805  1.57972782  1.32545503  1.29731088]
[-0.07849859  0.63488824  0.0729079  -0.90911333  0.05092605]
[-0.07849859  0.63488824  0.0729079  -0.90911333  0.05092605]
[-0.03086838  1.14549771  1.06942703  1.15809699  1.01919795]
[-0.03086838  1.14549771  1.06942703  1.15809699  1.01919795]
[ 0.01676183 -0.84020581  1.80667702  1.39833516  1.34832974]
[-0.88821224  1.14549771 -2.34026496 -2.03713541 -5.69544692]
[-0.41191009 -0.28420882 -0.48170494 -0.28791125 -0.19237992]
[-0.41191009 -1.83305757  0.43262973 -0.38475884  0.46759409]
[-0.22138924  1.14549771  1.51742168  1.66899697  1.30930639]
[-0.41191009  1.14549771  0.32496099  0.76429569  0.62864387]
[-0.74532159 -0.38633072 -1.08692292 -0.29476199 -0.66541225]
[-0.74532159 -0.38633072 -1.08692292 -0.29476199 -0.66541225]
[-0.79295181  1.14549771 -0.72267824 -0.02080037 -0.22033727]
[-0.60243095  1.14549771 -1.05769389 -1.48936095 -1.15140015]
[-0.74532159  1.14549771 -1.44160913 -1.78867064 -1.88566569]
[-0.84058202  1.14549771 -1.85543059 -1.7615349  -2.67913021]
[-0.88821224  1.14549771 -2.32316728 -2.03540487 -5.49535308]
[-0.26901945 -0.0459244   0.33393289  0.66063426  0.59266422]
[ 0.30254312  0.43064445  1.30813741 -0.42284672  0.86054231]
[-0.12612881  0.12427876  0.83949111 -0.11286339  0.72795338]
[-0.65006116 -2.97865575 -1.17295689 -1.52459713 -1.27946811]
[-0.31664967  0.47532277 -0.09672715 -0.97795811 -0.05637649]
[-0.31664967  1.14549771  0.61766432  0.49820599  0.70859171]
[-0.45954031  1.14549771 -0.59796782 -0.31135563 -0.26725384]
[-0.88821224  1.14549771 -1.48454926 -0.64906623 -1.30212548]
[-0.69769138  1.14549771 -1.27104054 -0.64470358 -1.09142752]
[-0.69769138  1.14549771 -1.27104054 -0.64470358 -1.09142752]
[-0.84058202  1.14549771 -1.5039528  -0.66467022 -1.35917322]
[-0.79295181  1.14549771 -1.40556783 -0.64783676 -1.22102005]
[-0.74532159  1.14549771 -1.28645749 -0.6330171  -1.08647537]
[-0.74532159  1.14549771 -0.87688274 -0.46045853 -0.55795879]
[-0.41191009  1.14549771  0.67556063  0.85426695  0.80515959]
[-0.41191009  1.14549771  0.67556063  0.85426695  0.80515959]
[-0.12612881  0.12427876  1.72519853  1.46436693  1.35522591]
[-0.12612881  0.12427876  1.72519853  1.46436693  1.35522591]
[-0.69769138  1.14549771 -0.32400648  0.18052689  0.12874716]
[-5.07170522e-01  1.14549771e+00 -1.70412461e-01  7.95633032e-04  1.58662532e-01]
[0.11202226 0.32066702 1.2051638  1.05927607 1.05414492]
[0.11202226 0.32066702 1.2051638  1.05927607 1.05414492]
[-0.07849859  0.63488824  1.18439724  0.91338133  1.03854   ]
[-0.41191009  1.14549771  0.05234713  0.7859393   0.48981992]
[-0.41191009  1.14549771  0.05234713  0.7859393   0.48981992]
[-0.41191009  0.3795835  -0.55335322  0.41047884  0.01396947]
[-0.55480074  0.1706978  -0.0940879   0.14972595  0.23240133]
[-0.60243095  0.07321781 -0.4226154  -0.20941462 -0.10523256]
[-0.60243095  1.14549771 -0.16799035  0.17138564  0.19139341]
[-0.60243095  1.14549771 -0.16799035  0.17138564  0.19139341]
[0.39780355 0.1706978  2.00929332 1.77860102 1.48361571]
[0.54069419 0.25193113 1.87288407 1.34850188 1.33158783]
[0.54069419 0.25193113 1.87288407 1.34850188 1.33158783]
[0.54069419 0.25193113 1.87288407 1.34850188 1.33158783]
[-0.07849859  0.63488824  0.70695614  0.55294047  0.75408376]
[-0.07849859  0.63488824  0.70695614  0.55294047  0.75408376]
[ 0.11202226 -0.38633072  1.92649799  1.73412539  1.45164263]
[ 0.11202226 -0.38633072  1.92649799  1.73412539  1.45164263]
[-0.41191009  1.14549771  0.63653094  0.74421956  0.80502716]
[-0.74532159  1.14549771 -0.59105    -0.24448834 -0.20149865]
[-0.17375902  0.58113987  0.67316418  1.10843153  0.86507798]
[-0.17375902  0.58113987  0.67316418  1.10843153  0.86507798]
[-0.79295181  1.14549771 -0.86637779 -0.27027144 -0.43707103]
[-0.84058202  1.14549771 -1.27457405 -0.30306119 -0.83112271]
[-0.74532159  1.14549771 -1.05519399  0.03500766 -0.51580929]
[-0.31664967  1.14549771  0.30717722  0.56734773  0.55600463]
[-0.31664967  1.14549771  0.30717722  0.56734773  0.55600463]
[-0.26901945  0.51474483 -0.11605765  0.16902846  0.20185259]
[-0.41191009  1.14549771  0.32390887  0.68300925  0.59884514]
[ -0.98347266   1.14549771  -2.54425223  -2.05504063 -16.62486604]
[-0.50717052 -1.15224493  0.21068358  0.12626313  0.41959049]
[-0.55480074  1.14549771  0.18372312  0.64353242  0.52947623]
[-0.65006116 -0.0459244  -0.80032048 -0.23779769 -0.40408605]
[-0.65006116 -0.0459244  -0.80032048 -0.23779769 -0.40408605]
[-0.65006116  1.14549771 -1.11906818 -1.15894562 -1.05779952]
[-0.79295181 -1.91815915 -1.26909886 -1.10136182 -1.13675065]
[-0.36427988 -0.74676094  0.16976374  0.49261031  0.44592712]
[-0.31664967  0.47532277  0.54379246  0.72905475  0.72506694]
[-0.31664967  0.47532277  0.54379246  0.72905475  0.72506694]
[-0.31664967  0.47532277  0.54379246  0.72905475  0.72506694]
[-0.03086838  0.65809776  1.48416391  1.30408695  1.21563157]
[-0.03086838 -0.91657902  1.06288257  1.27054203  1.06019933]
[-0.03086838 -0.91657902  1.06288257  1.27054203  1.06019933]
[-0.03086838 -0.57015013  1.3606926   1.29949995  1.16966357]
[-0.84058202  1.14549771 -1.3150065  -0.59767499 -1.06586412]
[-0.55480074  1.14549771  0.01200147  0.36578897  0.37060088]
[-0.22138924 -0.89694019  0.9168934   0.93005352  0.915365  ]
[-0.50717052  0.25193113 -0.10561069  0.25189131  0.22643945]
[-0.50717052  0.25193113 -0.10561069  0.25189131  0.22643945]
[-0.36427988  0.43064445  0.40402079  0.82461633  0.66697908]
[-0.36427988  1.14549771  0.09806204  0.34474581  0.41044313]
[-0.84058202  1.14549771 -1.52597851 -0.65988684 -1.37397944]
[-0.69769138  1.14549771 -1.49634676 -0.6704599  -1.37536585]
[-0.69769138  1.14549771 -1.6841654  -1.82576591 -2.42174473]
[-0.69769138  1.14549771 -1.6841654  -1.82576591 -2.42174473]
[-0.36427988  0.43064445  0.45729196  0.41276698  0.58671989]
[-0.65006116 -0.99906209 -0.46335009  0.40827758  0.06915946]
[-0.65006116 -0.99906209 -0.46335009  0.40827758  0.06915946]
[-0.50717052 -1.15224493 -0.01230061  0.50348925  0.36322648]
[-0.50717052 -1.15224493 -0.01230061  0.50348925  0.36322648]
[ 0.01676183 -0.14123817  1.32799066  1.08247467  1.11108522]
[-0.31664967 -0.64163546  0.26823579  0.4232835   0.51789729]
[-0.31664967 -0.64163546  0.26823579  0.4232835   0.51789729]
[-0.65006116  1.14549771 -0.90809779  0.04448515 -0.40635852]
[-0.41191009 -0.28420882 -0.68853179 -1.00120313 -0.58672576]
[-0.41191009 -0.28420882 -0.68853179 -1.00120313 -0.58672576]
[ 0.63595462 -0.42369239  2.52843256  1.49412466  1.58244461]
[ 0.63595462 -0.42369239  2.52843256  1.49412466  1.58244461]
[ 0.5883244  -0.22922011  3.16418985  1.79823024  1.82021871]
[-0.26901945  0.51474483 -0.91477341 -1.4210089  -1.06356358]
[-0.26901945  0.51474483 -0.91477341 -1.4210089  -1.06356358]
[-0.79295181  1.14549771 -0.72572209 -0.25389442 -0.32114675]
[-0.36427988  0.43064445  0.35113305  0.1024504   0.47003207]
[-0.36427988  0.43064445  0.35113305  0.1024504   0.47003207]
[-0.12612881  0.12427876  0.59532789  0.03706014  0.55766637]
[-0.12612881  0.60935776  0.71466669  0.65706726  0.75705618]
[ 0.49306398 -0.30352918  2.36938074  1.76979182  1.59902458]
[ 0.49306398 -0.30352918  2.36938074  1.76979182  1.59902458]
[ 0.49306398 -0.30352918  2.36938074  1.76979182  1.59902458]
[-0.79295181  1.14549771 -0.87151183 -0.431913   -0.5263984 ]
[-0.22138924  0.01678203  1.31091574  1.17786903  1.1612156 ]
[-0.22138924  0.01678203  1.31091574  1.17786903  1.1612156 ]
[-0.60243095 -0.80410211 -0.67265221 -0.0270453  -0.20827379]
[-0.45954031  1.14549771  0.27356991  0.84587908  0.62694907]
[-0.65006116  1.14549771 -0.6157431  -0.10830972 -0.17787405]
[-0.65006116  1.14549771 -0.34153955  0.26458291  0.09346082]
[-0.79295181  1.14549771 -0.75820881  0.18375529 -0.19752161]
[-0.55480074  1.14549771 -0.51639034 -0.18866544 -0.17547244]
[-0.07849859  0.63488824  1.81313179  1.09426291  1.3394724 ]
[-0.07849859  0.63488824  1.81313179  1.09426291  1.3394724 ]
[-0.60243095  0.07321781 -0.06187619  0.46340125  0.36660986]
[-0.60243095  0.07321781 -0.06187619  0.46340125  0.36660986]
[-0.84058202  1.14549771 -1.05088751 -0.2810385  -0.62222462]
[-0.07849859  0.63488824  1.26395659  1.46616114  1.17561162]
[-0.60243095  1.14549771 -1.03446543 -0.38405425 -0.67169991]
[-0.88821224  1.14549771 -1.61057559 -0.67061582 -1.48886717]
[-0.22138924  0.54978666  1.01184046  0.6679343   0.91811275]
[-0.50717052  1.14549771 -0.43919806 -0.06767305 -0.06576346]
[-0.79295181  1.14549771 -1.66319482 -0.6776796  -1.57463987]
[-0.84058202  1.14549771 -1.68150394 -0.67697084 -1.58958256]
[-0.55480074 -1.32899437  0.35383796  0.81225382  0.67978558]
[ 0.44543376 -0.82975474  1.92490291  1.3312346   1.35693459]
[ 0.44543376 -0.82975474  1.92490291  1.3312346   1.35693459]
[-0.26901945  1.14549771  0.86952203  0.61999045  0.84594554]
[-0.22138924  0.01678203  0.68321177  0.52648075  0.74356637]
[ 0.39780355 -0.38633072  2.02894837  1.33661486  1.40989714]
[ 0.39780355 -0.38633072  2.02894837  1.33661486  1.40989714]
[ 0.39780355 -0.38633072  2.02894837  1.33661486  1.40989714]
[ 0.39780355 -0.38633072  2.02894837  1.33661486  1.40989714]
[-0.07849859  0.1706978   1.16984277  0.81003233  1.01108121]
[-0.31664967 -0.11600805 -0.13646402 -0.09952076  0.11469703]
[-0.69769138  1.14549771 -1.1826237  -1.59822053 -1.35291296]
[ 0.39780355 -0.38633072  2.65404858  1.94930469  1.70245586]
[ 0.39780355 -0.38633072  2.65404858  1.94930469  1.70245586]
[ 0.39780355 -0.38633072  2.65404858  1.94930469  1.70245586]
[-0.50717052 -0.50416367  0.10430321  0.26519407  0.40165843]
[ 0.39780355 -0.64163546  1.40277423  1.09103631  1.13347568]
[ 0.39780355 -0.64163546  1.40277423  1.09103631  1.13347568]
[ 0.39780355 -0.64163546  1.40277423  1.09103631  1.13347568]
[-0.65006116  1.14549771 -0.9012965  -0.379425   -0.5657821 ]
[-0.79295181 -0.64163546 -0.93441478 -0.10433687 -0.46629314]
[-0.12612881  1.14549771 -0.4489828  -0.2468116  -0.18862879]
[-0.12612881  0.12427876  0.61110727  0.74926478  0.76848564]
[-0.50717052  1.14549771  0.31010556  0.3262318   0.52785909]
[-0.50717052  1.14549771  0.31010556  0.3262318   0.52785909]
[-0.22138924  0.01678203  0.90854363  1.00880307  0.93673748]
[-0.22138924  0.01678203  0.90854363  1.00880307  0.93673748]
[-0.69769138  1.14549771 -0.80641294 -0.02935784 -0.28704966]
[-0.69769138  1.14549771 -0.64581033 -0.02120623 -0.17209478]
[-0.60243095  0.07321781 -0.63804253 -0.32140202 -0.30835717]
[-0.55480074  0.1706978  -0.339418   -0.16704979 -0.04642886]
[-0.26901945  1.14549771  1.1948728   0.89295766  1.04151518]
[-0.26901945  1.14549771  1.1948728   0.89295766  1.04151518]
[-0.65006116 -0.0459244  -0.65939968 -0.14177133 -0.24878023]
[-0.07849859  1.14549771  1.36454323  1.14405632  1.15539544]
[-0.07849859  1.14549771  1.36454323  1.14405632  1.15539544]
[-0.79295181 -0.64163546 -0.84435727 -0.26992093 -0.42273641]
[-0.31664967 -3.62019074  0.36202765  0.41567759  0.54379973]
[-0.84058202  1.14549771 -1.14835607 -0.29221082 -0.71236674]
[-0.60243095 -0.80410211 -0.06869663  0.18793226  0.27770684]
[-0.60243095 -0.80410211 -0.06869663  0.18793226  0.27770684]
[-0.55480074  1.14549771  0.09829556  0.69183392  0.4869605 ]
[-0.55480074  1.14549771  0.09829556  0.69183392  0.4869605 ]
[-0.79295181  1.14549771 -1.13443974  0.03216786 -0.57456751]
[-0.60243095 -0.80410211 -0.20603408  0.1860107   0.19231711]
[-0.41191009  1.14549771  0.43024157  0.46150766  0.61257853]
[-0.69769138  1.14549771 -0.55964809  0.41202192  0.01659444]
[-0.60243095  0.07321781 -0.1846306   0.55526968  0.30174048]
[-0.36427988 -0.19485216 -0.6641872   0.04918104 -0.25343328]
[-0.36427988 -0.19485216 -0.6641872   0.04918104 -0.25343328]
[-0.12612881 -0.7193369   0.37656631  0.15258658  0.46571572]
[-0.12612881 -0.7193369   0.37656631  0.15258658  0.46571572]
[-0.45954031 -1.53520204 -0.01588314  0.57128309  0.39505961]
[-0.45954031 -1.53520204 -0.01588314  0.57128309  0.39505961]
[ 0.11202226 -0.70326074  2.02310894  1.73101542  1.47909547]
[ 0.11202226 -0.70326074  2.02310894  1.73101542  1.47909547]
[ 0.11202226 -0.70326074  2.02310894  1.73101542  1.47909547]
[-0.45954031  1.14549771  0.6840028   1.16859685  0.89222258]
[-0.45954031  1.14549771  0.6840028   1.16859685  0.89222258]
[-0.17375902 -1.18554555  1.35350446  1.14671223  1.1496184 ]
[-0.17375902 -1.18554555  1.35350446  1.14671223  1.1496184 ]
[-0.69769138  1.14549771 -0.97038517 -0.53750134 -0.69188489]
[-0.60243095  1.14549771 -0.21442638  0.12070554  0.14292734]
[-0.50717052  1.14549771 -0.86997749 -0.52398137 -0.61401903]
[-0.60243095  1.14549771 -0.39311112 -0.01419363  0.00615022]
[-0.65006116  1.14549771 -0.2030906   0.17835182  0.19344713]
[-0.65006116  1.14549771 -0.2030906   0.17835182  0.19344713]
[ 0.39780355 -0.64163546  1.24643237  1.05130299  1.0604697 ]
[ 0.39780355 -0.64163546  1.24643237  1.05130299  1.0604697 ]
[-0.07849859  0.1706978   1.67592448  1.4629625   1.33529073]
[-0.17375902  1.14549771  0.4549189   0.80753412  0.69332708]
[ 0.35017333 -0.43138449  1.70082575  1.24031119  1.27436037]
[0.01676183 0.67928906 1.13385546 0.63600208 0.94369025]
[ 0.06439205 -0.76928782  2.38088089  1.78379561  1.61806552]
[ 0.06439205 -0.76928782  2.38088089  1.78379561  1.61806552]
[-0.65006116  1.14549771  0.01277983  0.55012032  0.42028479]
[-0.41191009 -0.8650271   1.30195541  1.12902778  1.15221544]
[-0.41191009 -0.8650271   1.30195541  1.12902778  1.15221544]
[-0.41191009 -0.8650271   1.30195541  1.12902778  1.15221544]
[-0.36427988  1.14549771  0.20056125  0.28666868  0.42680696]
[-0.74532159  1.14549771 -0.76076292 -0.26214601 -0.35495514]
[-0.60243095  0.07321781 -0.44221407  0.26556957  0.04811039]
[-0.79295181  1.14549771 -1.10146031 -0.49600059 -0.77847223]
[-0.45954031  1.14549771  0.03392365  0.64941077  0.41994751]
[-0.60243095  1.14549771 -0.69722768 -0.33866455 -0.35785981]
[-0.50717052  1.14549771  0.37795859  0.74835071  0.67666046]
[-0.50717052  1.14549771  0.37795859  0.74835071  0.67666046]
[-0.26901945  0.51474483  0.77389983  1.04033002  0.91117262]
[-0.26901945  0.51474483  0.77389983  1.04033002  0.91117262]
[-0.36427988  1.14549771  0.09998216 -0.02833725  0.28664101]
[-0.60243095  0.07321781  0.02198434  0.46655347  0.40740563]
[-0.60243095  0.07321781  0.02198434  0.46655347  0.40740563]
[-0.60243095  0.07321781  0.02198434  0.46655347  0.40740563]
[-0.31664967  0.47532277  0.5137951  -0.10110312  0.55555186]
[ 1.11225676 -0.64163546  4.18620219  2.20106449  2.11746877]
[ 1.11225676 -0.64163546  4.18620219  2.20106449  2.11746877]
[-0.41191009  1.14549771  0.44989132  0.89636875  0.7288914 ]
[-0.31664967  1.14549771  0.51655561  0.61196857  0.65641468]
[-0.26901945  0.51474483  0.17800298  0.64107289  0.46592237]
[-0.26901945  0.51474483  0.17800298  0.64107289  0.46592237]
[-0.65006116  1.14549771 -1.61752194 -1.92375131 -2.42009068]
[-0.31664967  1.14549771 -0.21027674  0.20715146  0.14201204]
[-3.64279880e-01  1.14549771e+00  1.06230070e-03  5.20533372e-01  3.77491271e-01]
[0.63595462 0.04572346 2.99564397 1.640821   1.77745071]
[0.63595462 0.04572346 2.99564397 1.640821   1.77745071]
[ 0.06439205 -0.09174833  1.61637767  1.28727134  1.2722075 ]
[-0.50717052  0.25193113  0.15838083  0.52719487  0.48943402]
[-0.31664967 -0.11600805 -0.78186109 -0.51431167 -0.55899133]
[-0.50717052  0.25193113  0.2883305   0.69795685  0.60307551]
[ 0.2549129  -0.80410211  1.01027645  0.67973742  0.88184249]
[ 0.11202226 -0.0459244  -0.80341002 -1.31179226 -0.8548413 ]
[ 0.35017333 -1.17294532  1.39574264  1.08215748  1.15043357]
[ 1.01699633 -0.16749808  2.58500097  1.67933616  1.63367736]
[-0.65006116 -0.0459244  -0.65791242  0.03957025 -0.17439929]
[-0.65006116  1.14549771 -1.21641811 -0.62665792 -1.01192195]
[-0.31664967  0.47532277 -0.87709455 -0.52010016 -0.63607151]
[-0.31664967  0.47532277 -0.87709455 -0.52010016 -0.63607151]
[-0.03086838  0.65809776  1.80861493  1.38203193  1.37260958]
[-0.03086838  0.65809776  1.80861493  1.38203193  1.37260958]
[0.39780355 0.1706978  2.90847709 2.08415803 1.80479325]
[ 0.44543376 -0.07996503  2.86624759  2.18479102  1.81039865]
[ 0.44543376 -0.07996503  2.86624759  2.18479102  1.81039865]
[ 0.44543376 -0.07996503  2.86624759  2.18479102  1.81039865]
[-0.07849859  0.1706978   0.3724817   0.10080139  0.46832482]
[-0.22138924  0.54978666  0.58173458  0.60557308  0.6783034 ]
[-0.22138924  0.54978666  0.58173458  0.60557308  0.6783034 ]
[-0.45954031  0.32066702 -1.1513727  -1.67360957 -1.38431077]
[-0.31664967  1.14549771  0.60164774  1.04498843  0.80852984]
[-0.12612881  1.14549771  0.67128083  0.43850604  0.70011842]
[-0.22138924  1.14549771  0.70296416  1.0578044   0.86045859]
[-0.22138924  1.14549771  0.70296416  1.0578044   0.86045859]
[-0.03086838  0.21308041  0.94294384  0.7915326   0.90671171]
[-0.03086838  0.21308041  0.94294384  0.7915326   0.90671171]
[-0.07849859  0.63488824  1.02152452  0.60276542  0.89990362]
[-0.17375902 -0.38633072  0.70706822  0.55657413  0.7501067 ]
[-0.17375902 -0.38633072  0.70706822  0.55657413  0.7501067 ]
[-0.12612881 -0.31670215  1.81689491  1.29846508  1.34313629]
[ 0.15965248 -0.00337361  2.40348188  2.08730251  1.67352073]
[-0.45954031  0.32066702  0.31913063  0.55854806  0.59485039]
[-0.45954031  0.32066702  0.31913063  0.55854806  0.59485039]
[-0.07849859 -0.25312824  1.71329267  0.70419167  1.19884084]
[-0.31664967  0.47532277 -0.34961806 -0.0740614  -0.03272587]
[0.11202226 0.71658575 1.42915427 1.58284206 1.25642558]
[-0.22138924  0.54978666  0.64383347  0.56547318  0.71895271]
[0.01676183 1.14549771 2.42869751 1.72494842 1.62062024]
[-0.03086838 -0.57015013  1.58966435  1.27009987  1.26893825]
[-0.03086838 -0.57015013  1.58966435  1.27009987  1.26893825]
[-0.03086838 -0.57015013  1.58966435  1.27009987  1.26893825]
[0.01676183 0.67928906 0.2368421  0.01096165 0.35820411]
[-0.65006116 -0.0459244  -1.42040277 -1.55530166 -1.64093198]
[-0.31664967  0.47532277  0.16299429 -0.78598038  0.18837743]
[-0.69769138  1.14549771 -0.202115    0.47158738  0.27631462]
[-0.22138924 -0.46292214  1.04264252  0.80303342  0.96410932]
[-0.22138924 -0.46292214  1.04264252  0.80303342  0.96410932]
[-0.31664967  1.14549771  0.79031799  0.95948931  0.89267017]
[-0.31664967  0.47532277  0.77251975  1.08547216  0.92105904]
[0.30254312 0.10780749 1.78528644 1.11585892 1.29428919]
[-0.17375902  1.14549771  0.67056906  0.36149774  0.67918861]
[0.11202226 0.71658575 2.00618788 1.5209099  1.43989994]
[-0.84058202 -0.99906209 -1.84802639 -1.66027528 -2.53374719]
[-0.07849859  0.63488824  1.69995559  1.50604442  1.3586352 ]
[0.01676183 0.25193113 1.80429122 1.01182913 1.29277825]
[0.01676183 0.25193113 1.80429122 1.01182913 1.29277825]
[-0.22138924  0.54978666  0.5036493   0.31659185  0.58573606]
[-0.22138924  0.54978666  0.5036493   0.31659185  0.58573606]
[-0.31664967  0.47532277  0.36182305  0.78086314  0.61856818]
[ 1.11225676 -0.297956    3.70359457  2.00823756  1.98530189]
[ 1.11225676 -0.297956    3.70359457  2.00823756  1.98530189]
[ 1.11225676 -0.297956    3.70359457  2.00823756  1.98530189]
[-0.03086838 -0.19485216  1.29267883  0.73407735  1.03900334]
[-0.12612881  1.14549771  1.36564824  1.06726463  1.14196388]
[-0.74532159 -0.38633072 -1.66044601 -0.67812949 -1.57443757]
[-0.79295181  1.14549771 -1.16971362 -0.50959018 -0.85867074]
[-0.41191009  1.14549771 -0.65523117 -1.0446177  -0.49583243]
[-0.79295181  1.14549771 -1.22436172 -0.51214136 -0.90994649]
[-0.55480074  1.14549771 -0.22319021  0.02057541  0.1303017 ]
[-0.79295181 -0.64163546 -1.64598872 -0.67620971 -1.54891403]
[-0.79295181 -0.64163546 -1.72647775 -0.67974041 -1.6534169 ]
[-0.88821224  1.14549771 -2.46726707 -2.05228356 -7.9115253 ]
[-0.50717052  0.25193113 -0.38235205 -0.24920447 -0.08282557]
[-0.50717052 -1.71391536 -0.67566418 -0.96464821 -0.5032752 ]
[-0.69769138 -0.19485216 -1.36061105 -0.64564502 -1.17825132]
[-0.69769138 -0.19485216 -1.26069957 -0.48465748 -0.9369866 ]
[-0.50717052  0.25193113 -0.68791318  0.06924349 -0.2343505 ]
[-0.60243095  0.07321781 -0.30070256  0.43939809  0.17949396]
[-0.50717052  1.14549771  0.04817131  0.016524    0.26959887]
[-0.60243095  1.14549771 -0.49492548 -0.02287607 -0.08972569]
[-0.31664967  1.14549771 -0.03287351  0.17563581  0.22657812]
[-0.45954031  0.32066702  0.42808194  0.62738629  0.65006617]
[-0.31664967  0.47532277  0.12685735  0.66015878  0.46271   ]
[-0.31664967  0.47532277  0.12685735  0.66015878  0.46271   ]
[-0.74532159  1.14549771 -1.11678232 -0.39224633 -0.7451614 ]
[-0.74532159  1.14549771 -1.11678232 -0.39224633 -0.7451614 ]
[-0.50717052  0.25193113 -0.43937082 -0.00348072 -0.04164676]
[-0.50717052  0.25193113 -0.43937082 -0.00348072 -0.04164676]
[-0.31664967  1.14549771  0.80741026  1.36370121  0.97638017]
[-0.31664967  1.14549771  0.80741026  1.36370121  0.97638017]
[-0.50717052  1.14549771 -0.19372086  0.51439615  0.286571  ]
[-0.65006116  1.14549771 -0.22997372  0.1141345   0.15628862]
[-0.65006116  1.14549771 -0.22997372  0.1141345   0.15628862]
[-0.22138924  0.01678203  0.937001    0.47198431  0.86406869]
[-0.03086838  0.65809776  1.02766257  0.78737348  0.92798542]
[-0.50717052  1.14549771 -0.12875642 -0.03095508  0.16947852]
[-0.22138924  1.14549771  0.80832902  0.4529484   0.7663329 ]
[-0.03086838 -0.19485216  0.14011409  0.646956    0.49214183]
[-0.03086838 -0.19485216  0.14011409  0.646956    0.49214183]
[-0.12612881  0.60935776  0.38430014  0.30594262  0.53423001]
[-0.12612881  0.60935776  0.38430014  0.30594262  0.53423001]
[-0.12612881  0.60935776  0.38430014  0.30594262  0.53423001]
[-0.65006116  1.14549771 -0.80812411 -0.10435591 -0.32771184]
[-0.07849859 -0.25312824  1.2409837   0.87560231  1.04452759]
[ 0.5883244  -0.22922011  2.54764171  0.43417315  1.45735524]
[ 0.5883244  -0.22922011  2.54764171  0.43417315  1.45735524]
[ 0.5883244  -0.22922011  2.54764171  0.43417315  1.45735524]
[ 0.5883244  -0.22922011  2.54764171  0.43417315  1.45735524]
[ 0.2549129  -0.52993963  0.09438178 -1.08630294 -0.02350889]
[ 0.2549129  -0.52993963  0.09438178 -1.08630294 -0.02350889]
[-0.03086838  0.21308041  0.64818726  0.22240196  0.61036764]
[-0.03086838  0.21308041  0.64818726  0.22240196  0.61036764]
[-0.03086838  0.21308041  0.64818726  0.22240196  0.61036764]
[ 0.30254312 -2.07134199  2.58529851  1.70440276  1.65017562]
[ 0.30254312 -2.07134199  2.58529851  1.70440276  1.65017562]
[ 0.30254312 -2.07134199  2.58529851  1.70440276  1.65017562]
[-0.74532159  1.14549771 -1.14830879 -0.12204571 -0.65007504]
[-0.50717052  1.14549771  0.20774803  0.41673805  0.49704659]
[-0.31664967  1.14549771  0.00681362 -0.05879244  0.22671765]
[-0.31664967  1.14549771  0.00681362 -0.05879244  0.22671765]
[ 0.54069419 -1.15224493  2.54417282  1.85226369  1.65008829]
[ 0.54069419 -1.15224493  2.54417282  1.85226369  1.65008829]
[ 0.54069419 -1.15224493  2.54417282  1.85226369  1.65008829]
[ 0.15965248 -0.00337361  1.68569344  1.13533758  1.25859575]
[ 0.15965248 -0.00337361  1.68569344  1.13533758  1.25859575]
[-0.74532159  1.14549771 -1.37824234 -1.62866322 -1.59383804]
[-0.31664967  0.47532277  1.11608406  1.18430023  1.07726784]
[-0.31664967  0.47532277  1.11608406  1.18430023  1.07726784]
[ 0.30254312 -1.8788815   2.37424942  1.94144348  1.63098771]
[ 0.30254312 -1.8788815   2.37424942  1.94144348  1.63098771]
[-0.31664967  1.14549771  0.91814353  0.84091301  0.90875026]
[-0.31664967  1.14549771  0.91814353  0.84091301  0.90875026]
[-0.17375902  0.58113987  1.13779397  0.58949598  0.96788718]
[-0.17375902  0.58113987  1.13779397  0.58949598  0.96788718]
[-0.22138924  0.54978666  0.77996944  0.34257192  0.75019611]
[ 0.15965248 -0.00337361  3.02803647  2.11976793  1.84817954]
[ 0.15965248 -0.00337361  3.02803647  2.11976793  1.84817954]
[ 0.15965248 -0.00337361  3.02803647  2.11976793  1.84817954]
[-0.22138924  1.14549771  0.29241762  0.64570928  0.56566505]
[ 0.54069419 -0.50416367  3.19154601  2.21090736  1.89766568]
[ 0.54069419 -0.50416367  3.19154601  2.21090736  1.89766568]
[-0.26901945 -0.54757582  1.15471003  1.07372498  1.07701069]
[ 0.01676183 -0.50416367  1.67792682  1.35380835  1.30182772]
[-0.79295181 -1.91815915 -1.91382688 -1.94272831 -3.12847527]
[-0.65006116  1.14549771 -1.12953656 -0.59407764 -0.90498063]
[-0.50717052  0.25193113  0.04232568 -0.66808726  0.13912884]
[-0.50717052  0.25193113  0.04232568 -0.66808726  0.13912884]
[-0.50717052  0.25193113  0.04232568 -0.66808726  0.13912884]
[-0.36427988  1.14549771  0.90182402  1.01204693  0.95287999]
[-0.36427988  1.14549771  0.90182402  1.01204693  0.95287999]
[-0.36427988  1.14549771  0.90182402  1.01204693  0.95287999]
[-0.45954031  0.32066702 -0.42576585  0.40757358  0.08309048]
[-0.45954031  0.32066702 -0.42576585  0.40757358  0.08309048]
[-0.26901945  1.14549771  0.17645675  0.15974676  0.37998209]
[-0.26901945  1.14549771  0.17645675  0.15974676  0.37998209]
[-0.60243095  1.14549771 -0.24763483  0.37956185  0.20770868]
[-0.07849859  1.14549771  0.31153968  0.36994512  0.47584823]
[-0.50717052 -0.50416367 -0.72987059 -1.43683546 -0.78380764]
[-0.74532159 -0.38633072 -0.98757336  0.03855205 -0.46347935]
[-0.55480074  1.14549771 -0.89177473 -0.52397126 -0.64536706]
[-0.31664967 -0.64163546  0.5983316   0.60210189  0.70774046]
[-0.31664967 -0.64163546  0.5983316   0.60210189  0.70774046]
[-0.07849859  1.14549771  0.3654034   0.21890042  0.49715878]
[-0.17375902  1.14549771  0.7747621   0.77640528  0.82091726]
[-0.79295181 -1.91815915 -1.84694357 -1.94759916 -2.97943934]
[-0.79295181  1.14549771 -1.2397078  -0.58238878 -0.97235848]
[-0.31664967  1.14549771  0.57785061  0.92372766  0.77718746]
[-0.60243095 -0.80410211 -0.18419251  0.55469957  0.3007642 ]
[-0.60243095 -0.80410211 -0.18419251  0.55469957  0.3007642 ]
[-0.45954031  1.14549771 -0.37004971 -0.24582195 -0.08357809]
[ 0.39780355 -0.11600805  2.43746313  1.52693227  1.56073145]
[-0.60243095  1.14549771  0.09449125  0.58047494  0.45769118]
[-0.31664967  1.14549771 -0.16707769  0.24192704  0.20705061]
[-0.36427988  1.14549771  0.46913113  1.11442712  0.77626403]
[-0.36427988  1.14549771  0.46913113  1.11442712  0.77626403]
[0.5883244  0.01678203 3.50314273 2.23502717 1.97923154]
[0.5883244  0.01678203 3.50314273 2.23502717 1.97923154]
[-0.26901945  0.51474483 -0.14910552  0.29490539  0.2194857 ]
[0.39780355 0.1706978  1.00918534 1.12063158 0.97383526]
[0.39780355 0.1706978  1.00918534 1.12063158 0.97383526]
[ 0.15965248 -0.00337361  1.8868272   1.55836579  1.40373536]
[ 0.15965248 -0.00337361  1.8868272   1.55836579  1.40373536]
[-0.17375902  0.07321781  0.93944859  1.20167522  0.99367688]
[-0.74532159  1.14549771 -1.39055993 -1.17431574 -1.3541459 ]
[-0.26901945  0.51474483  0.41973491  0.70326986  0.65196354]
[-0.26901945  0.51474483  0.41973491  0.70326986  0.65196354]
[-0.41191009 -0.28420882 -1.1353816  -0.1221195  -0.64475798]
[-0.45954031  0.32066702 -0.88799662 -0.24047621 -0.46938195]
[ 1.20751719 -1.03541056  2.35778491  1.45736444  1.52264508]
[ 1.20751719 -1.03541056  2.35778491  1.45736444  1.52264508]
[0.2549129  0.07321781 1.82936503 1.48439843 1.37327852]
[-0.41191009  1.14549771  0.22905891  0.60183707  0.55222919]
[ 0.20728269 -0.28420882  2.16548469  1.71204438  1.54105643]
[-0.60243095  0.07321781 -0.47353837  0.40827163  0.06438882]
[ 0.06439205 -0.09174833  0.84608861  0.86055651  0.8507768 ]
[ 0.15965248 -0.92988274  0.77037576  1.09394632  0.8900329 ]
[-0.03086838  0.65809776  1.35210549  0.90978517  1.10819705]
[-0.03086838  0.65809776  1.35210549  0.90978517  1.10819705]
[-0.45954031  0.32066702 -0.24476148 -0.07774266  0.06068109]
[-0.50717052  0.25193113 -0.1031734   0.48131481  0.30805361]
[-0.84058202  1.14549771 -1.62138509 -0.67125733 -1.50385265]
[-0.65006116 -0.0459244  -0.55269693 -0.12837931 -0.14029078]
[-0.41191009  0.3795835   0.42843051  0.75801089  0.69635007]
[-0.41191009  0.3795835   0.42843051  0.75801089  0.69635007]
[-0.65006116  1.14549771 -0.21126828  0.13477121  0.17905328]
[-0.84058202  1.14549771 -1.53257368 -0.66337827 -1.38899542]
[-0.74532159  1.14549771 -1.34519721 -0.52778106 -1.04647101]
[-0.69769138 -1.23734651 -0.89584797 -0.32018565 -0.49728105]
[-0.69769138 -0.19485216 -0.11504938  0.54451333  0.36079461]
[-0.55480074  0.1706978  -0.13838043  0.52269238  0.32912814]
[-0.55480074  0.1706978  -0.13838043  0.52269238  0.32912814]
[-0.36427988 -0.74676094  0.29499788  0.84250192  0.61944394]
[-0.74532159  1.14549771 -1.26175495 -0.47028057 -0.92532902]
[-0.69769138 -0.19485216 -0.72377694 -0.11207668 -0.27009431]
[-0.45954031  1.14549771  0.1557909   0.91522256  0.58343989]
[-0.55480074  1.14549771 -0.93245406 -0.53273522 -0.66696819]
[-0.55480074  1.14549771 -0.93245406 -0.53273522 -0.66696819]
[ 0.35017333 -0.93949098  2.20090446  1.82221734  1.55324961]
[-0.22138924 -1.29150206 -0.3767178  -0.27967335 -0.11629887]
[-0.22138924  0.01678203  0.40187013  0.81434261  0.65612977]
[-0.36427988  1.14549771  0.34812428  0.73548534  0.61694659]
[-0.36427988  1.14549771  0.34812428  0.73548534  0.61694659]
[-0.60243095  0.07321781 -0.01768308  0.3078868   0.32767624]
[-0.60243095  0.07321781 -0.01768308  0.3078868   0.32767624]
[-0.65006116  1.14549771 -1.3750382  -1.52281899 -1.55779424]
[-0.65006116  1.14549771 -1.3750382  -1.52281899 -1.55779424]
[-0.31664967  0.47532277  0.61907135  0.76746814  0.77379751]
[-0.31664967  0.47532277  0.61907135  0.76746814  0.77379751]
[-0.17375902  1.14549771  1.23736984  0.9334051   1.05819895]
[-0.07849859  0.1706978   1.30295609  0.88996969  1.08571006]
[-0.07849859  0.1706978   1.30295609  0.88996969  1.08571006]
[-0.50717052  1.14549771 -0.87985935 -0.46707717 -0.57467868]
[-0.36427988 -0.19485216 -1.11693994 -0.60375389 -0.91321714]
[-0.65006116  1.14549771 -0.57169645 -0.0301886  -0.11413527]
[-0.45954031  1.14549771 -0.5028653  -0.24446752 -0.22038955]
[-0.79295181  1.14549771 -0.73530873 -0.02676323 -0.23874804]
[-0.03086838  0.21308041  1.64033167  1.61193448  1.34870785]
[-0.12612881  0.60935776  1.54879438  0.95860976  1.18966947]
[ 0.30254312 -0.19485216  2.28902294  1.56618891  1.54572047]
[ 0.30254312 -0.19485216  2.28902294  1.56618891  1.54572047]
[-0.74532159  1.14549771 -1.56908505 -1.45286494 -1.84085598]
[-0.31664967  1.14549771 -0.31258764 -0.92927099 -0.18936621]
[-0.31664967  1.14549771 -0.31258764 -0.92927099 -0.18936621]
[ 0.11202226 -0.0459244   1.90016383  1.85486069  1.47260406]
[ 0.54069419 -0.94675575  2.58130831  1.90282239  1.68452034]
[-0.74532159  1.14549771 -1.86467325 -1.87865262 -2.89582964]
[-0.60243095  1.14549771 -1.21731178 -0.31107058 -0.79674735]
[ 0.01676183 -0.14123817  0.13085142  0.30877766  0.35765628]
[ 0.01676183 -0.14123817  0.13085142  0.30877766  0.35765628]
[-0.36427988  0.43064445  0.48565627  0.82587734  0.72571259]
[-0.74532159  1.14549771 -1.21522691 -0.31110509 -0.79495798]
[-0.26901945  1.14549771  0.47708452  0.76379879  0.6918044 ]
[ 0.11202226 -0.70326074  0.5763062   0.43382264  0.63905857]
[ 0.06439205 -0.09174833  1.38889836  1.09673672  1.1649909 ]
[-0.22138924  1.14549771  0.39002878  0.70914048  0.60437023]
[-0.22138924  1.14549771  0.39002878  0.70914048  0.60437023]
[-0.65006116  1.14549771  0.21018075  0.52167238  0.5363357 ]
[-0.22138924 -0.89694019 -0.83509951 -1.14341423 -0.74730057]
[-0.26901945 -0.99906209 -0.13585434  0.06600617  0.16082373]
[-0.07849859  1.14549771  1.66820061  1.68105063  1.35721821]
[-0.45954031 -0.38633072 -0.48990341 -0.35953156 -0.22121558]
[-0.03086838  0.21308041  1.2605861   1.1744633   1.11444225]
[-0.84058202 -2.42876862 -2.03228691 -1.96856556 -3.59113439]
[-0.17375902 -1.53520204  0.48656686  0.59375508  0.63810847]
[-0.74532159  1.14549771 -0.4462826  -0.22809526 -0.09586097]
[-0.45954031  1.14549771  0.55631376  0.55100403  0.71037807]
[-0.55480074  1.14549771 -0.46126631  0.40616202  0.06534984]
[-0.55480074  1.14549771 -0.46126631  0.40616202  0.06534984]
[-0.31664967  0.47532277  0.89519712  0.91352832  0.94007116]
[-0.22138924  0.01678203  0.31114015 -0.72757357  0.26421367]
[-0.22138924  0.01678203  0.31114015 -0.72757357  0.26421367]
[-0.22138924  0.01678203  0.31114015 -0.72757357  0.26421367]
[-0.22138924  0.01678203  0.31114015 -0.72757357  0.26421367]
[-0.69769138 -0.19485216 -1.44289158 -0.66674234 -1.30917948]
[-0.69769138 -0.19485216 -1.44289158 -0.66674234 -1.30917948]
[-0.60243095  1.14549771  0.21518651  0.46507585  0.49228652]
[-0.12612881  0.60935776  1.31742717  1.18553981  1.12652164]
[-0.12612881  0.60935776  1.31742717  1.18553981  1.12652164]
[-0.03086838  0.65809776  1.73793499  1.48823144  1.34415826]
[-0.03086838  0.65809776  1.73793499  1.48823144  1.34415826]
[-0.03086838  0.65809776  1.73793499  1.48823144  1.34415826]
[-0.45954031  1.14549771 -0.38095168 -0.08007841 -0.04256763]
[-0.45954031  1.14549771 -0.38095168 -0.08007841 -0.04256763]
[-0.74532159  1.14549771 -0.33026598  0.45719203  0.198959  ]
[-0.74532159  1.14549771 -0.33026598  0.45719203  0.198959  ]
[-0.22138924  0.54978666  0.26307158  0.51192889  0.49268476]
[-0.65006116  1.14549771 -0.60089974  0.18913554 -0.10244414]
[ 0.11202226 -0.0459244   1.07476226  1.15506974  1.01056994]
[ 0.11202226 -0.0459244   1.07476226  1.15506974  1.01056994]
[ 0.11202226 -0.0459244   1.07476226  1.15506974  1.01056994]
[ 0.11202226 -0.0459244   1.07476226  1.15506974  1.01056994]
[-0.26901945 -0.54757582 -0.51789034 -1.38058646 -0.5799318 ]
[-0.26901945 -0.54757582 -0.51789034 -1.38058646 -0.5799318 ]
[-0.74532159  1.14549771 -1.39368319 -0.63039273 -1.18838327]
[-0.69769138  1.14549771 -1.03416677 -0.28129915 -0.61526121]
[-0.41191009  1.14549771 -0.01859518  0.64557419  0.38504699]
[-0.31664967  0.47532277 -0.64463556 -1.09056858 -0.61082229]
[0.2549129  0.40599433 2.08799903 1.69586493 1.49489196]
[-0.55480074  0.1706978  -1.12772372 -1.11933072 -1.02876756]
[-0.50717052  0.25193113 -0.13954746 -0.70639473  0.01512113]
[-0.41191009  1.14549771 -0.58308077 -0.74472184 -0.33168964]
[-0.41191009  1.14549771 -0.58308077 -0.74472184 -0.33168964]
[ 0.35017333 -0.43138449  1.8331755   1.40920517  1.35948355]
[0.06439205 0.28767379 0.83941088 1.03592632 0.8792509 ]
[0.06439205 0.28767379 0.83941088 1.03592632 0.8792509 ]
[ 0.35017333 -0.6926964   2.45697695  1.75218653  1.62132115]
[0.20728269 1.14549771 1.58503639 0.95852823 1.17844438]
[-0.41191009  0.3795835   0.00863921  0.56536844  0.39622139]
[-0.41191009  0.3795835   0.00863921  0.56536844  0.39622139]
[-0.31664967  0.47532277 -0.9122122  -1.07135474 -0.78852845]
[0.06439205 1.14549771 0.80498649 0.56319992 0.78865639]
[0.06439205 1.14549771 0.80498649 0.56319992 0.78865639]
[-0.65006116  1.14549771 -0.96926648 -0.38710054 -0.62393763]
[-0.69769138  1.14549771 -0.91918104 -0.25507211 -0.47865363]
[ 0.11202226 -0.38633072  1.55562868  1.27980647  1.23622141]
[ 0.39780355 -0.88313994  1.22609668  0.95596754  1.02205404]
[-0.26901945  0.51474483  0.98471938  0.91675017  0.9807576 ]
[-0.84058202 -0.99906209 -1.56445129 -0.66950477 -1.43783825]
[ 0.54069419 -0.94675575  2.57332512  1.65536691  1.64278946]
[ 0.54069419 -0.94675575  2.57332512  1.65536691  1.64278946]
[ 0.20728269 -0.28420882  2.16164677  1.91918632  1.56899517]
[ 0.20728269 -0.28420882  2.16164677  1.91918632  1.56899517]
[0.01676183 0.67928906 2.68052574 1.58273197 1.69326669]
[-0.69769138 -0.19485216 -1.83422605 -1.4934427  -2.36621011]
[-0.26901945  0.51474483  0.28254858  0.28082544  0.49901299]
[-0.26901945  0.51474483  0.28254858  0.28082544  0.49901299]
[-0.50717052  1.14549771 -0.83117553  0.05850083 -0.33464815]
[-0.65006116  1.14549771 -0.75496389 -0.15538711 -0.31824935]
[-0.41191009  1.14549771  0.01256668  0.40369178  0.35139824]
[-0.55480074  1.14549771 -1.25088649 -0.59506133 -1.01662367]
[-0.65006116  1.14549771 -0.95342308 -0.37634479 -0.59547532]
[-0.65006116  1.14549771 -0.95342308 -0.37634479 -0.59547532]
[-0.41191009  1.14549771  0.18651713  0.35654893  0.4619834 ]
[-0.41191009  1.14549771  0.18651713  0.35654893  0.4619834 ]
[-0.88821224  1.14549771 -2.38827525 -2.04171228 -6.23361801]
[-0.26901945  1.14549771  1.03100593  0.74037346  0.96313921]
[-0.07849859  0.1706978   1.57406153  1.43602909  1.27422887]
[-0.07849859  0.1706978   1.57406153  1.43602909  1.27422887]
[-0.07849859  0.1706978   1.57406153  1.43602909  1.27422887]
[-0.65006116  1.14549771 -0.7207249  -0.45175228 -0.43598471]
[-0.45954031  1.14549771 -0.689834   -1.01863168 -0.54979984]
[-0.31664967  1.14549771  0.89837215  0.47050133  0.83209717]
[-0.45954031  0.32066702 -0.00683185  0.46125236  0.36865425]
[-0.31664967  1.14549771 -0.03477071  0.46457895  0.32917579]
[-0.31664967  1.14549771 -0.05336796  0.11971411  0.24282479]
[-0.79295181 -0.64163546 -1.3745336  -1.2593126  -1.41717785]
[-0.79295181  1.14549771 -0.78234888 -0.20878739 -0.35580978]
[-0.69769138 -0.19485216 -0.99760621  0.03902753 -0.46893605]
[-0.50717052  1.14549771 -0.32139318  0.42246465  0.14869879]
[-0.26901945 -0.0459244   1.06007162  0.89009109  0.99720556]
[ 0.35017333 -0.43138449  3.47040852  2.18167688  1.97177948]
[-0.41191009  1.14549771  0.18660098  0.61463757  0.51577598]
[-0.41191009  1.14549771  0.18660098  0.61463757  0.51577598]
[-0.55480074  1.14549771  0.19518851  0.61569803  0.51778221]
[-0.79295181  1.14549771 -1.20847904 -0.30219235 -0.78201543]
[0.49306398 0.22640065 2.63858641 1.22079087 1.59867454]
[-0.55480074  1.14549771 -0.18062342  0.38079192  0.25022428]
[-0.79295181  1.14549771 -0.95197153  0.04945003 -0.4229005 ]
[-0.74532159  1.14549771 -1.1439859  -0.3961924  -0.77051029]
[-0.69769138  1.14549771 -0.67130766  0.19150997 -0.1353228 ]
[-0.41191009  1.14549771  0.02687642  0.40759441  0.36047872]
[ 0.06439205 -0.09174833  1.53045671  1.08440873  1.21837362]
[-0.31664967  0.47532277  0.03053809  0.29465545  0.31830067]
[ 0.49306398 -0.77910724  2.46695918  1.73870107  1.59448148]
[ 0.49306398 -0.77910724  2.46695918  1.73870107  1.59448148]
[ 0.49306398 -0.77910724  2.46695918  1.73870107  1.59448148]
[-0.12612881 -0.7193369   0.91939507  0.9011545   0.91099999]
[-0.12612881 -0.7193369   0.91939507  0.9011545   0.91099999]
[-0.60243095  1.14549771 -0.01229527  0.55187347  0.38567792]
[-0.22138924  0.54978666  0.62385058  0.93757195  0.81404619]
[-0.22138924  0.54978666  0.62385058  0.93757195  0.81404619]
[-0.60243095  0.07321781 -0.15038543  0.46395469  0.2758429 ]
[-0.50717052 -0.50416367  0.10974156  0.79821552  0.5275705 ]
[ 0.11202226 -0.99906209  1.99798298  1.63671901  1.47531255]
[-0.45954031  1.14549771 -0.33363977 -0.66680364 -0.11907351]
[-0.65006116  1.14549771 -1.52916826 -1.897704   -2.18966331]
[-0.26901945  1.14549771  1.08458028  0.91129374  1.01002508]
[-0.22138924  1.14549771  0.48986246  0.87055768  0.72541218]
[-0.36427988  0.43064445 -0.07251823 -0.86056546  0.02585053]
[-0.65006116  1.14549771 -1.22728127 -1.24481965 -1.24151505]
[-0.17375902  0.58113987  0.49992714  0.36369007  0.60282079]
[-0.17375902  0.58113987  0.49992714  0.36369007  0.60282079]
[-0.12612881  0.60935776  1.53203684  1.50369439  1.27870936]
[-0.69769138  1.14549771 -0.9915648   0.04310274 -0.46006084]
[-0.41191009 -0.28420882 -0.14131786  0.47840539  0.28561462]
[0.39780355 0.1706978  1.72959023 0.72637384 1.19884488]
[-0.03086838 -0.19485216  1.3969614   1.51218819  1.24365241]
[-0.03086838 -1.53520204  1.34205725  1.07514369  1.13360594]
[-0.31664967  0.47532277  0.46560804  0.76629402  0.6943889 ]
[ 0.06439205 -0.76928782  1.43563693  1.26468986  1.1811218 ]
[ 0.06439205 -0.76928782  1.43563693  1.26468986  1.1811218 ]
[ 0.20728269 -1.37751382  2.16164277  1.45057083  1.46791768]
[ 0.15965248 -0.64163546  2.40974927  1.41483417  1.57098334]
[-0.07849859 -3.07863523  0.80885566  0.97534146  0.8930846 ]
[-0.07849859 -3.07863523  0.80885566  0.97534146  0.8930846 ]
[-0.07849859 -3.07863523  0.80885566  0.97534146  0.8930846 ]
[ 0.87410569 -0.45151491  3.15005863  2.03424977  1.83935076]
[ 0.87410569 -0.45151491  3.15005863  2.03424977  1.83935076]
[-0.41191009  0.3795835   0.0010188   0.38640723  0.35829671]
[-0.41191009  0.3795835   0.0010188   0.38640723  0.35829671]
[-0.41191009 -0.8650271   0.07250054 -0.33074561  0.25566032]
[-0.41191009 -0.8650271   0.07250054 -0.33074561  0.25566032]
[-0.41191009 -0.8650271   0.07250054 -0.33074561  0.25566032]
[-0.03086838  1.14549771  1.36925713  1.07488959  1.11256646]
[ 0.30254312 -0.4791688   2.44303453  1.77016971  1.60883344]
[ 0.30254312 -0.4791688   2.44303453  1.77016971  1.60883344]
[0.30254312 0.10780749 2.22527513 1.38926055 1.49349985]
[-0.65006116  1.14549771 -0.72846287 -0.10607514 -0.27484929]
[-0.65006116  1.14549771 -0.72846287 -0.10607514 -0.27484929]
[ 0.49306398 -0.99906209  2.38817537  1.71308698  1.58849096]
[ 0.49306398 -0.99906209  2.38817537  1.71308698  1.58849096]
[ 0.49306398 -0.99906209  2.38817537  1.71308698  1.58849096]
[ 0.49306398 -0.99906209  2.38817537  1.71308698  1.58849096]
[-0.50717052  1.14549771 -0.54096371 -0.3159087  -0.2501232 ]
[ 0.5883244  -1.09880906  2.45724517  1.59075564  1.5677572 ]
[ 0.5883244  -1.09880906  2.45724517  1.59075564  1.5677572 ]
[ 0.5883244  -1.09880906  2.45724517  1.59075564  1.5677572 ]
[ 0.5883244  -1.09880906  2.45724517  1.59075564  1.5677572 ]
[ 0.5883244  -1.09880906  2.45724517  1.59075564  1.5677572 ]
[ 0.5883244  -1.09880906  2.45724517  1.59075564  1.5677572 ]
[ 0.5883244  -1.09880906  2.45724517  1.59075564  1.5677572 ]
[0.30254312 0.43064445 1.88651917 1.48538748 1.38598909]
[0.30254312 0.43064445 1.88651917 1.48538748 1.38598909]
[0.2549129  0.40599433 2.28354016 1.64089062 1.54699767]
[0.2549129  0.40599433 2.28354016 1.64089062 1.54699767]
[0.2549129  0.40599433 2.28354016 1.64089062 1.54699767]
[0.2549129  0.40599433 2.28354016 1.64089062 1.54699767]
[-0.12612881  1.14549771  1.15308462  1.10602616  1.07053102]
[-0.12612881  1.14549771  1.15308462  1.10602616  1.07053102]
[ 0.06439205 -1.07301243  1.31781423  1.38523592  1.1730715 ]
[ 0.06439205 -0.76928782  1.89576364  1.14721568  1.33315406]
[ 0.06439205 -0.76928782  1.89576364  1.14721568  1.33315406]
[ 0.06439205 -0.76928782  1.89576364  1.14721568  1.33315406]
[ 0.30254312 -1.46275069  2.14094653  1.49893363  1.47570472]
[ 0.30254312 -1.46275069  2.14094653  1.49893363  1.47570472]
[-0.36427988  1.14549771 -0.01571252  0.31928585  0.30663178]
[-0.36427988  1.14549771 -0.01571252  0.31928585  0.30663178]
[-0.36427988  1.14549771 -0.01571252  0.31928585  0.30663178]
[-0.36427988  1.14549771 -0.01571252  0.31928585  0.30663178]
[-0.65006116 -0.0459244  -0.79230769 -0.23036376 -0.39540691]
[-0.26901945  1.14549771 -0.28394094 -0.18903618 -0.04684266]
[-0.22138924  0.54978666 -0.04641107 -0.02537309  0.17627312]
[-0.22138924  0.54978666 -0.04641107 -0.02537309  0.17627312]
[-0.45954031  1.14549771  0.22800772  0.43948318  0.50790195]
[-0.74532159  1.14549771 -0.92221563 -0.35185067 -0.52045454]
[-0.55480074  1.14549771 -0.01004909  0.40171725  0.35557177]
[-0.69769138  1.14549771 -0.88862927  0.04950358 -0.38266167]
[-0.65006116 -0.0459244  -0.9645073  -0.36012368 -0.56558183]
[-0.45954031  1.14549771  0.01662325  0.51526499  0.39170186]
[-0.31664967 -0.11600805  1.10534138  1.28674111  1.09464098]
[-0.41191009  1.14549771 -0.06064864  0.10575258  0.25427449]
[-0.31664967 -1.11193366  0.6860341   0.39181308  0.71952554]
[-0.31664967 -1.11193366  0.6860341   0.39181308  0.71952554]
[-0.69769138 -0.19485216 -1.39471833 -1.4046533  -1.53485802]
[-0.69769138 -0.19485216 -1.39471833 -1.4046533  -1.53485802]
[-0.65006116  1.14549771 -0.77725186 -0.15533832 -0.3312092 ]
[-0.65006116  1.14549771 -0.77725186 -0.15533832 -0.3312092 ]
[-0.50717052  1.14549771 -0.3066247   0.11335552  0.09292009]
[-0.74532159  1.14549771 -1.08938319 -0.28673356 -0.66315147]
[-0.50717052 -0.50416367  0.06263341  0.56755304  0.4346865 ]
[-0.31664967 -0.11600805  0.74970383  1.20145563  0.91507905]
[0.06439205 0.28767379 1.92450892 1.37973724 1.3886688 ]
[-0.03086838  0.21308041  1.22467708  1.05598043  1.0818032 ]
[-0.69769138  1.14549771 -1.39192108 -0.65602706 -1.22953108]
[0.01676183 0.25193113 1.92375665 1.56206133 1.40899175]
[0.01676183 0.25193113 1.92375665 1.56206133 1.40899175]
[0.01676183 0.25193113 1.92375665 1.56206133 1.40899175]
[-0.17375902 -0.38633072  1.18512801  0.70051636  1.03055514]
[-0.22138924  0.01678203  0.45638197  0.46023773  0.60044686]
[-0.22138924  0.01678203  0.45638197  0.46023773  0.60044686]
[-0.65006116  1.14549771 -0.69280948  0.23889443 -0.13424563]
[-0.41191009 -1.37751382  0.45667     0.89111346  0.72543218]
[ 0.39780355 -1.11193366  2.72151596  2.06795775  1.75559867]
[-0.60243095  1.14549771 -0.37935165  0.04762189  0.03329707]
[-0.55480074  1.14549771 -0.60148419 -0.15714264 -0.21453128]
[-0.55480074  1.14549771 -0.60148419 -0.15714264 -0.21453128]
[ 0.2549129  -1.30542778  1.2570258   0.88921511  1.0313803 ]
[ 0.2549129  -1.30542778  1.2570258   0.88921511  1.0313803 ]
[ 0.2549129  -1.30542778  1.2570258   0.88921511  1.0313803 ]
[ 0.2549129  -1.30542778  1.2570258   0.88921511  1.0313803 ]
[-0.69769138  1.14549771 -1.16772645 -0.53938244 -0.88747477]
[ 0.30254312 -0.74676094  2.14332865  1.62882269  1.49745276]
[ 0.30254312 -0.74676094  2.14332865  1.62882269  1.49745276]
[-0.69769138 -0.19485216 -0.5656473   0.16483661 -0.06185671]
[-0.79295181  1.14549771 -1.52157509 -0.66567772 -1.38601056]
[-0.31664967  0.47532277  0.25776665  0.82712704  0.59033033]
[-0.31664967  0.47532277  0.25776665  0.82712704  0.59033033]
[-0.55480074 -2.42876862 -0.40930018  0.59895026  0.16031874]
[-0.26901945  1.14549771  1.08682561  1.30684879  1.07771912]
[-0.03086838 -1.81251581  1.10216278  1.31158455  1.08277498]
[-0.03086838 -1.81251581  1.10216278  1.31158455  1.08277498]
[-0.22138924 -4.05343514 -0.54936616 -0.10662263 -0.17228418]
[ 0.2549129  -1.53520204  2.13077908  1.89289382  1.55456532]
[ 0.2549129  -1.53520204  2.13077908  1.89289382  1.55456532]
[ 0.06439205 -1.07301243  1.27871246  0.69510813  1.02554028]
[ 0.06439205 -1.07301243  1.27871246  0.69510813  1.02554028]
[-0.07849859  0.63488824  1.88841469  1.05798888  1.3345127 ]
[-0.50717052  1.14549771 -0.754409   -0.24413426 -0.38830437]
[-0.50717052  1.14549771 -0.754409   -0.24413426 -0.38830437]
[-0.36427988  1.14549771  0.64275636  0.95085507  0.81485838]
[ 0.15965248 -0.92988274  1.62482285  1.62390542  1.33351409]
[ 0.82647547 -0.07300217  2.49169166  1.13565655  1.50584102]
[-0.12612881 -1.08841875  0.16154017  0.31855507  0.425751  ]
[-0.26901945 -0.54757582  0.10360737  0.05012486  0.29074855]
[-4.59540308e-01  1.14549771e+00 -8.42643361e-02 -1.04618675e-03  1.82965973e-01]
[-0.31664967 -0.64163546  0.76074309  0.7052551   0.81558327]
[ 0.01676183 -0.14123817  1.35934752  1.1161767   1.12799406]
[ 0.01676183 -0.14123817  1.35934752  1.1161767   1.12799406]
[ 0.73121505 -1.13594888  3.1039588   1.53765291  1.77173878]
[-0.31664967 -0.11600805  0.49590789  0.76860359  0.70936971]
[ 0.06439205 -0.09174833  0.31378781  0.5740003   0.5390611 ]
[ 0.20728269 -0.583986    2.21671474  1.74864571  1.54863841]
[0.20728269 0.03624264 2.01254739 1.75422532 1.49061099]
[-0.41191009  0.3795835  -0.10858386 -0.03315336  0.16905393]
[-0.41191009  0.3795835  -0.10858386 -0.03315336  0.16905393]
[-0.45954031 -3.44998758 -0.07202478  0.29168057  0.29805723]
[-0.45954031 -3.44998758 -0.07202478  0.29168057  0.29805723]
[-0.26901945  1.14549771  1.31469494  1.1814396   1.15998167]
[-0.26901945  1.14549771  1.62531229  1.58820982  1.36355117]
[-0.26901945 -0.54757582  1.76844446  1.46544643  1.37132722]
[-0.26901945 -0.54757582  1.76844446  1.46544643  1.37132722]
